2940.488669 2.000000 
2917.491400 2.000000 
2894.493384 2.000000 
2871.494618 1.000000 
2848.495105 3.000000 
2825.494843 2.000000 
2802.493832 3.000000 
2779.492072 2.000000 
2756.489564 2.000000 
2733.486307 3.000000 
2710.482301 2.000000 
2687.477546 2.000000 
2664.472042 2.000000 
2641.465788 1.000000 
2618.458786 3.000000 
2595.451034 1.000000 
2572.442533 1.000000 
2549.433283 2.000000 
2526.423283 0.000000 
2503.412533 3.000000 
2480.401034 5.000000 
2457.388785 2.000000 
2434.375786 2.000000 
2411.362037 3.000000 
2388.347539 4.000000 
2365.332290 0.000000 
2342.316291 0.000000 
2319.299543 2.000000 
2296.282043 3.000000 
2273.263794 2.000000 
2250.244794 2.000000 
2227.225044 2.000000 
2204.204543 5.000000 
2181.183292 0.000000 
2158.161290 4.000000 
2135.138537 4.000000 
2112.115034 0.000000 
2089.090779 2.000000 
2066.065773 1.000000 
2043.040017 1.000000 
2020.013509 3.000000 
1996.986250 7.000000 
1973.958240 0.000000 
1950.929479 2.000000 
1927.899966 2.000000 
1904.869701 3.000000 
1881.838686 5.000000 
1858.806918 3.000000 
1835.774399 4.000000 
1812.741128 1.000000 
1789.707105 4.000000 
1766.672330 2.000000 
1743.636803 4.000000 
1720.600524 6.000000 
1697.563493 2.000000 
1674.525710 3.000000 
1651.487174 2.000000 
1628.447886 4.000000 
1605.407846 4.000000 
1582.367053 1.000000 
1559.325507 5.000000 
1536.283209 3.000000 
1513.240158 2.000000 
1490.196354 0.000000 
1467.151798 3.000000 
1444.106488 2.000000 
1421.060425 2.000000 
1398.013610 4.000000 
1374.966041 3.000000 
1351.917718 0.000000 
1328.868643 2.000000 
1305.818814 2.000000 
1282.768232 2.000000 
1259.716896 2.000000 
1236.664806 3.000000 
1213.611963 6.000000 
1190.558366 3.000000 
1167.504015 2.000000 
1144.448910 3.000000 
1121.393051 5.000000 
1098.336438 5.000000 
1075.279071 6.000000 
1052.220950 3.000000 
1029.162074 5.000000 
1006.102444 8.000000 
983.042060 1.000000 
959.980921 4.000000 
936.919028 5.000000 
913.856379 12.000000 
890.792976 20.000000 
867.728819 27.000000 
844.663906 18.000000 
821.598238 19.000000 
798.531816 15.000000 
775.464638 10.000000 
752.396705 5.000000 
729.328017 5.000000 
706.258574 5.000000 
683.188375 8.000000 
660.117420 8.000000 
637.045710 11.000000 
613.973245 23.000000 
590.900023 33.000000 
567.826047 31.000000 
544.751314 53.000000 
521.675825 47.000000 
498.599580 37.000000 
475.522579 17.000000 
452.444822 18.000000 
429.366309 14.000000 
406.287039 9.000000 
383.207013 13.000000 
360.126231 9.000000 
337.044692 6.000000 
313.962396 4.000000 
290.879344 2.000000 
267.795535 8.000000 
244.710969 4.000000 
221.625647 3.000000 
198.539567 3.000000 
175.452731 8.000000 
152.365137 3.000000 
129.276786 14.000000 
106.187678 8.000000 
83.097812 12.000000 
60.007189 16.000000 
36.915808 15.000000 
13.823670 39.000000 
-9.269225 29.000000 
-32.362879 58.000000 
-55.457290 66.000000 
-78.552459 92.000000 
-101.648386 90.000000 
-124.745071 88.000000 
-147.842514 80.000000 
-170.940716 45.000000 
-194.039675 17.000000 
-217.139393 15.000000 
-240.239869 8.000000 
-263.341104 14.000000 
-286.443097 10.000000 
-309.545849 9.000000 
-332.649360 5.000000 
-355.753629 8.000000 
-378.858657 3.000000 
-401.964444 4.000000 
-425.070990 12.000000 
-448.178295 2.000000 
-471.286359 1.000000 
-494.395183 3.000000 
-517.504765 10.000000 
-540.615107 1.000000 
-563.726209 5.000000 
-586.838070 4.000000 
-609.950691 4.000000 
-633.064071 3.000000 
-656.178211 4.000000 
-679.293111 6.000000 
-702.408771 7.000000 
-725.525190 2.000000 
-748.642370 5.000000 
-771.760310 4.000000 
-794.879010 5.000000 
-817.998470 2.000000 
-841.118691 9.000000 
-864.239672 5.000000 
-887.361413 5.000000 
-910.483915 6.000000 
-933.607178 7.000000 
-956.731201 5.000000 
-979.855986 4.000000 
-1002.981531 7.000000 
-1026.107837 4.000000 
-1049.234904 5.000000 
-1072.362732 17.000000 
-1095.491321 7.000000 
-1118.620671 18.000000 
-1141.750783 9.000000 
-1164.881657 18.000000 
-1188.013291 29.000000 
-1211.145687 32.000000 
-1234.278845 33.000000 
-1257.412765 33.000000 
-1280.547446 47.000000 
-1303.682889 34.000000 
-1326.819094 31.000000 
-1349.956061 16.000000 
-1373.093790 18.000000 
-1396.232281 13.000000 
-1419.371535 9.000000 
-1442.511551 13.000000 
-1465.652329 8.000000 
-1488.793869 15.000000 
-1511.936172 17.000000 
-1535.079238 21.000000 
-1558.223066 34.000000 
-1581.367657 39.000000 
-1604.513011 53.000000 
-1627.659128 42.000000 
-1650.806008 28.000000 
-1673.953651 22.000000 
-1697.102057 14.000000 
-1720.251226 14.000000 
-1743.401158 9.000000 
-1766.551854 10.000000 
-1789.703313 8.000000 
-1812.855536 4.000000 
-1836.008522 3.000000 
-1859.162272 5.000000 
-1882.316786 5.000000 
-1905.472063 2.000000 
-1928.628105 2.000000 
-1951.784910 4.000000 
-1974.942479 4.000000 
-1998.100813 4.000000 
-2021.259910 3.000000 
-2044.419772 7.000000 
-2067.580398 3.000000 
-2090.741789 6.000000 
-2113.903944 3.000000 
-2137.066864 2.000000 
-2160.230548 2.000000 
-2183.394997 4.000000 
-2206.560210 3.000000 
-2229.726189 1.000000 
-2252.892933 4.000000 
-2276.060441 4.000000 
-2299.228715 5.000000 
-2322.397754 3.000000 
-2345.567558 2.000000 
-2368.738127 3.000000 
-2391.909462 2.000000 
-2415.081563 7.000000 
-2438.254429 6.000000 
-2461.428060 0.000000 
-2484.602457 2.000000 
-2507.777620 2.000000 
-2530.953549 3.000000 
-2554.130243 0.000000 
-2577.307704 7.000000 
-2600.485931 1.000000 
-2623.664924 9.000000 
-2646.844683 2.000000 
-2670.025209 2.000000 
-2693.206501 2.000000 
-2716.388559 1.000000 
-2739.571384 3.000000 
-2762.754975 1.000000 
-2785.939333 5.000000 
-2809.124458 6.000000 
-2832.310350 5.000000 
