1554.519531 6.000000 
1530.665979 4.000000 
1506.811641 7.000000 
1482.956515 6.000000 
1459.100603 8.000000 
1435.243904 6.000000 
1411.386418 5.000000 
1387.528145 9.000000 
1363.669084 3.000000 
1339.809237 9.000000 
1315.948602 4.000000 
1292.087180 7.000000 
1268.224970 4.000000 
1244.361973 6.000000 
1220.498188 12.000000 
1196.633615 4.000000 
1172.768255 7.000000 
1148.902107 3.000000 
1125.035171 7.000000 
1101.167447 12.000000 
1077.298934 7.000000 
1053.429634 4.000000 
1029.559545 12.000000 
1005.688668 6.000000 
981.817003 2.000000 
957.944549 12.000000 
934.071307 7.000000 
910.197276 7.000000 
886.322456 7.000000 
862.446847 11.000000 
838.570450 23.000000 
814.693264 16.000000 
790.815288 31.000000 
766.936524 32.000000 
743.056970 37.000000 
719.176627 44.000000 
695.295495 29.000000 
671.413573 31.000000 
647.530862 15.000000 
623.647361 19.000000 
599.763071 31.000000 
575.877991 26.000000 
551.992121 52.000000 
528.105461 53.000000 
504.218011 93.000000 
480.329771 91.000000 
456.440741 73.000000 
432.550921 51.000000 
408.660311 43.000000 
384.768910 19.000000 
360.876718 17.000000 
336.983737 16.000000 
313.089964 11.000000 
289.195401 17.000000 
265.300047 10.000000 
241.403903 17.000000 
217.506967 15.000000 
193.609241 14.000000 
169.710723 14.000000 
145.811414 19.000000 
121.911314 29.000000 
98.010423 27.000000 
74.108740 27.000000 
50.206266 48.000000 
26.303001 53.000000 
2.398943 79.000000 
-21.505906 108.000000 
-45.411546 170.000000 
-69.317979 175.000000 
-93.225204 187.000000 
-117.133220 165.000000 
-141.042029 110.000000 
-164.951630 81.000000 
-188.862022 45.000000 
-212.773208 36.000000 
-236.685186 19.000000 
-260.597956 14.000000 
-284.511519 27.000000 
-308.425874 15.000000 
-332.341022 15.000000 
-356.256963 15.000000 
-380.173697 16.000000 
-404.091224 12.000000 
-428.009544 10.000000 
-451.928657 8.000000 
-475.848563 15.000000 
-499.769263 13.000000 
-523.690755 11.000000 
-547.613042 7.000000 
-571.536121 7.000000 
-595.459995 13.000000 
-619.384662 4.000000 
-643.310122 11.000000 
-667.236377 9.000000 
-691.163426 8.000000 
-715.091268 12.000000 
-739.019904 7.000000 
-762.949335 7.000000 
-786.879560 8.000000 
-810.810579 5.000000 
-834.742393 9.000000 
-858.675001 7.000000 
-882.608404 18.000000 
-906.542601 20.000000 
-930.477593 12.000000 
-954.413379 15.000000 
-978.349961 37.000000 
-1002.287337 30.000000 
-1026.225509 44.000000 
-1050.164475 52.000000 
-1074.104237 60.000000 
-1098.044794 76.000000 
-1121.986146 84.000000 
-1145.928294 83.000000 
-1169.871238 49.000000 
-1193.814976 42.000000 
-1217.759511 29.000000 
-1241.704841 31.000000 
-1265.650967 24.000000 
-1289.597889 48.000000 
-1313.545607 46.000000 
-1337.494121 79.000000 
-1361.443431 90.000000 
-1385.393537 106.000000 
-1409.344439 95.000000 
-1433.296138 60.000000 
-1457.248634 40.000000 
-1481.201926 31.000000 
-1505.156014 22.000000 
-1529.110899 9.000000 
-1553.066581 10.000000 
-1577.023060 9.000000 
-1600.980335 12.000000 
-1624.938408 13.000000 
-1648.897278 7.000000 
-1672.856945 11.000000 
-1696.817409 13.000000 
-1720.778670 3.000000 
-1744.740729 6.000000 
-1768.703586 6.000000 
-1792.667239 9.000000 
-1816.631691 6.000000 
-1840.596940 9.000000 
-1864.562987 12.000000 
-1888.529832 8.000000 
-1912.497475 5.000000 
-1936.465916 5.000000 
-1960.435155 9.000000 
-1984.405192 8.000000 
-2008.376028 7.000000 
-2032.347662 4.000000 
-2056.320094 6.000000 
-2080.293325 6.000000 
-2104.267354 4.000000 
-2128.242183 7.000000 
-2152.217809 6.000000 
-2176.194235 9.000000 
-2200.171460 5.000000 
-2224.149484 4.000000 
-2248.128306 4.000000 
-2272.107928 6.000000 
