-101.649236  322.000000
-98.176568  344.000000
-94.703945  327.000000
-91.231367  319.000000
-87.758833  332.000000
-84.286345  309.000000
-80.813901  296.000000
-77.341501  307.000000
-73.869147  324.000000
-70.396838  341.000000
-66.924573  346.000000
-63.452353  324.000000
-59.980178  371.000000
-56.508048  322.000000
-53.035963  347.000000
-49.563922  333.000000
-46.091927  322.000000
-42.619976  345.000000
-39.148070  294.000000
-35.676208  344.000000
-32.204392  362.000000
-28.732620  338.000000
-25.260893  370.000000
-21.789211  339.000000
-18.317574  357.000000
-14.845981  303.000000
-11.374433  311.000000
-7.902931  333.000000
-4.431472  313.000000
-0.960059  307.000000
2.511310  344.000000
5.982633  323.000000
9.453912  326.000000
12.925147  332.000000
16.396336  318.000000
19.867481  317.000000
23.338581  326.000000
26.809636  321.000000
30.280646  295.000000
33.751612  348.000000
37.222533  347.000000
40.693409  366.000000
44.164240  322.000000
47.635027  363.000000
51.105768  343.000000
54.576465  318.000000
58.047118  337.000000
61.517725  288.000000
64.988288  323.000000
68.458806  339.000000
71.929279  342.000000
75.399707  327.000000
78.870091  344.000000
82.340430  311.000000
85.810725  330.000000
89.280974  323.000000
92.751179  314.000000
96.221339  318.000000
99.691454  322.000000
103.161525  336.000000
106.631551  298.000000
110.101532  299.000000
113.571468  335.000000
117.041360  308.000000
120.511207  335.000000
123.981009  318.000000
127.450766  312.000000
130.920479  324.000000
134.390147  336.000000
137.859770  306.000000
141.329349  341.000000
144.798883  342.000000
148.268372  324.000000
151.737817  317.000000
155.207216  336.000000
158.676571  317.000000
162.145882  353.000000
165.615147  314.000000
169.084368  325.000000
172.553544  336.000000
176.022676  338.000000
179.491763  334.000000
182.960805  360.000000
186.429802  321.000000
189.898755  332.000000
193.367663  356.000000
196.836527  294.000000
200.305345  305.000000
203.774119  321.000000
207.242849  331.000000
210.711533  305.000000
214.180173  289.000000
217.648769  351.000000
221.117319  362.000000
224.585825  327.000000
228.054286  336.000000
231.522703  338.000000
234.991075  331.000000
238.459402  291.000000
241.927685  301.000000
245.395923  351.000000
248.864116  346.000000
252.332265  345.000000
255.800368  315.000000
259.268428  331.000000
262.736442  315.000000
266.204412  326.000000
269.672338  306.000000
273.140218  354.000000
276.608054  362.000000
280.075846  334.000000
283.543593  334.000000
287.011295  338.000000
290.478952  321.000000
293.946565  338.000000
297.414133  384.000000
300.881657  468.000000
304.349136  480.000000
307.816570  416.000000
311.283959  402.000000
314.751305  383.000000
318.218605  368.000000
321.685861  332.000000
325.153072  310.000000
328.620238  357.000000
332.087360  315.000000
335.554437  341.000000
339.021470  315.000000
342.488458  318.000000
345.955402  303.000000
349.422300  307.000000
352.889155  324.000000
356.355964  294.000000
359.822729  327.000000
363.289450  301.000000
366.756125  367.000000
370.222757  310.000000
373.689343  330.000000
377.155885  334.000000
380.622382  312.000000
384.088835  324.000000
387.555243  324.000000
391.021607  305.000000
394.487926  338.000000
397.954201  305.000000
401.420430  352.000000
404.886616  342.000000
408.352756  322.000000
411.818852  339.000000
415.284904  332.000000
418.750911  361.000000
422.216873  343.000000
425.682791  355.000000
429.148664  315.000000
432.614493  371.000000
436.080277  362.000000
439.546016  342.000000
443.011711  381.000000
446.477362  345.000000
449.942967  483.000000
453.408529  545.000000
456.874045  602.000000
460.339517  834.000000
463.804945  799.000000
467.270328  709.000000
470.735667  603.000000
474.200961  492.000000
477.666210  431.000000
481.131415  388.000000
484.596575  362.000000
488.061691  372.000000
491.526762  371.000000
494.991789  354.000000
498.456771  368.000000
501.921708  330.000000
505.386601  364.000000
508.851450  329.000000
512.316254  330.000000
515.781013  322.000000
519.245728  335.000000
522.710399  357.000000
526.175024  321.000000
529.639606  365.000000
533.104143  307.000000
536.568635  312.000000
540.033083  326.000000
543.497486  295.000000
546.961845  318.000000
550.426159  315.000000
553.890429  328.000000
557.354654  318.000000
560.818835  352.000000
564.282971  323.000000
567.747063  332.000000
571.211110  345.000000
574.675113  326.000000
578.139071  336.000000
581.602985  326.000000
585.066854  331.000000
588.530678  328.000000
591.994459  336.000000
595.458195  313.000000
598.921886  330.000000
602.385533  343.000000
605.849135  319.000000
609.312693  298.000000
612.776206  331.000000
616.239675  323.000000
619.703099  320.000000
623.166479  300.000000
626.629814  328.000000
630.093105  323.000000
633.556352  339.000000
637.019554  346.000000
640.482711  292.000000
643.945824  344.000000
647.408893  353.000000
650.871917  334.000000
654.334897  355.000000
657.797832  322.000000
661.260723  329.000000
664.723569  352.000000
668.186371  328.000000
671.649128  337.000000
675.111841  365.000000
678.574510  349.000000
682.037134  346.000000
685.499714  356.000000
688.962249  333.000000
692.424739  346.000000
695.887186  331.000000
699.349588  353.000000
702.811945  367.000000
706.274258  355.000000
709.736526  405.000000
713.198751  441.000000
716.660930  493.000000
720.123065  906.000000
723.585156  1645.000000
727.047203  1659.000000
730.509205  1531.000000
733.971162  1021.000000
737.433075  655.000000
740.894944  645.000000
744.356768  615.000000
747.818548  470.000000
751.280284  409.000000
754.741975  408.000000
758.203621  381.000000
761.665224  337.000000
765.126781  358.000000
768.588295  350.000000
772.049764  376.000000
775.511189  354.000000
778.972569  349.000000
782.433905  338.000000
785.895196  327.000000
789.356443  342.000000
792.817646  362.000000
796.278804  350.000000
799.739918  334.000000
803.200987  365.000000
806.662012  388.000000
810.122993  315.000000
813.583929  318.000000
817.044821  293.000000
820.505669  313.000000
823.966472  340.000000
827.427231  303.000000
830.887945  305.000000
834.348615  297.000000
837.809241  329.000000
841.269822  338.000000
844.730359  308.000000
848.190852  292.000000
851.651300  361.000000
855.111704  326.000000
858.572064  312.000000
862.032379  335.000000
865.492650  340.000000
868.952876  301.000000
872.413058  351.000000
875.873196  305.000000
879.333289  343.000000
882.793338  296.000000
886.253343  305.000000
889.713303  299.000000
893.173219  319.000000
896.633091  328.000000
900.092918  318.000000
903.552701  326.000000
907.012440  309.000000
910.472134  336.000000
913.931784  328.000000
917.391390  332.000000
920.850951  337.000000
924.310468  347.000000
927.769941  354.000000
931.229369  301.000000
934.688753  338.000000
938.148093  313.000000
941.607388  285.000000
945.066639  302.000000
948.525846  348.000000
951.985009  294.000000
955.444127  314.000000
958.903201  346.000000
962.362230  343.000000
965.821215  346.000000
969.280156  327.000000
972.739053  356.000000
976.197905  338.000000
979.656713  321.000000
983.115477  302.000000
986.574196  298.000000
990.032871  328.000000
993.491502  307.000000
996.950089  336.000000
1000.408631  298.000000
1003.867129  345.000000
1007.325582  339.000000
1010.783992  299.000000
1014.242357  327.000000
1017.700678  316.000000
1021.158954  325.000000
1024.617186  366.000000
1028.075374  303.000000
1031.533518  358.000000
1034.991617  315.000000
1038.449672  325.000000
1041.907683  337.000000
1045.365650  329.000000
1048.823572  296.000000
1052.281450  298.000000
1055.739284  299.000000
1059.197074  357.000000
1062.654819  293.000000
1066.112520  340.000000
1069.570177  311.000000
1073.027789  307.000000
1076.485358  296.000000
1079.942882  325.000000
1083.400361  300.000000
1086.857797  285.000000
1090.315188  304.000000
1093.772535  307.000000
1097.229838  316.000000
1100.687097  319.000000
1104.144311  307.000000
1107.601481  317.000000
1111.058607  346.000000
1114.515688  321.000000
1117.972726  331.000000
1121.429719  336.000000
1124.886668  299.000000
1128.343572  321.000000
1131.800433  316.000000
1135.257249  314.000000
1138.714021  310.000000
1142.170749  300.000000
1145.627433  326.000000
1149.084072  346.000000
1152.540667  351.000000
1155.997218  284.000000
1159.453725  288.000000
1162.910187  314.000000
1166.366605  309.000000
1169.822979  323.000000
1173.279309  305.000000
1176.735595  315.000000
1180.191837  298.000000
1183.648034  320.000000
1187.104187  335.000000
1190.560296  304.000000
1194.016360  304.000000
1197.472381  311.000000
1200.928357  333.000000
1204.384289  330.000000
1207.840177  360.000000
1211.296021  334.000000
1214.751821  308.000000
1218.207576  366.000000
1221.663287  326.000000
1225.118954  308.000000
1228.574577  310.000000
1232.030156  297.000000
1235.485690  341.000000
1238.941180  295.000000
1242.396626  341.000000
1245.852029  329.000000
1249.307386  318.000000
1252.762700  316.000000
1256.217969  292.000000
1259.673195  315.000000
1263.128376  325.000000
1266.583513  314.000000
1270.038606  293.000000
1273.493654  328.000000
1276.948659  338.000000
1280.403619  290.000000
1283.858535  341.000000
6756.305698  322.000000
6759.692030  320.000000
6763.078319  334.000000
6766.464567  327.000000
6769.850774  341.000000
6773.236939  329.000000
6776.623062  322.000000
6780.009144  312.000000
6783.395184  335.000000
6786.781183  300.000000
6790.167140  342.000000
6793.553056  324.000000
6796.938930  362.000000
6800.324762  328.000000
6803.710553  363.000000
6807.096303  333.000000
6810.482010  318.000000
6813.867677  302.000000
6817.253302  326.000000
6820.638885  311.000000
6824.024427  323.000000
6827.409927  324.000000
6830.795385  325.000000
6834.180802  317.000000
6837.566178  333.000000
6840.951512  323.000000
6844.336804  308.000000
6847.722055  309.000000
6851.107265  291.000000
6854.492432  346.000000
6857.877559  337.000000
6861.262643  295.000000
6864.647687  341.000000
6868.032688  351.000000
6871.417649  295.000000
6874.802567  345.000000
6878.187445  329.000000
6881.572280  349.000000
6884.957075  337.000000
6888.341827  344.000000
6891.726538  348.000000
6895.111208  331.000000
6898.495836  302.000000
6901.880423  334.000000
6905.264968  338.000000
6908.649471  330.000000
6912.033934  314.000000
6915.418354  297.000000
6918.802733  309.000000
6922.187071  331.000000
6925.571367  306.000000
6928.955621  350.000000
6932.339835  313.000000
6935.724006  323.000000
6939.108136  327.000000
6942.492225  352.000000
6945.876272  325.000000
6949.260278  338.000000
6952.644242  307.000000
6956.028165  356.000000
6959.412046  330.000000
6962.795886  320.000000
6966.179684  341.000000
6969.563441  316.000000
6972.947156  336.000000
6976.330830  353.000000
6979.714462  312.000000
6983.098053  330.000000
6986.481603  340.000000
6989.865111  341.000000
6993.248577  313.000000
6996.632002  342.000000
7000.015386  344.000000
7003.398728  294.000000
7006.782028  366.000000
7010.165288  342.000000
7013.548505  339.000000
7016.931682  353.000000
7020.314816  332.000000
7023.697910  347.000000
7027.080962  323.000000
7030.463972  328.000000
7033.846941  335.000000
7037.229869  334.000000
7040.612755  326.000000
7043.995600  359.000000
7047.378403  368.000000
7050.761165  350.000000
7054.143885  340.000000
7057.526564  341.000000
7060.909202  354.000000
7064.291798  329.000000
7067.674352  375.000000
7071.056865  378.000000
7074.439337  469.000000
7077.821768  579.000000
7081.204156  504.000000
7084.586504  469.000000
7087.968810  443.000000
7091.351075  400.000000
7094.733298  361.000000
7098.115480  365.000000
7101.497620  351.000000
7104.879719  352.000000
7108.261777  345.000000
7111.643793  370.000000
7115.025767  353.000000
7118.407701  330.000000
7121.789593  322.000000
7125.171443  361.000000
7128.553252  343.000000
7131.935020  342.000000
7135.316746  372.000000
7138.698431  448.000000
7142.080075  456.000000
7145.461677  644.000000
7148.843237  766.000000
7152.224757  763.000000
7155.606235  532.000000
7158.987671  484.000000
7162.369066  405.000000
7165.750420  393.000000
7169.131733  377.000000
7172.513004  416.000000
7175.894233  343.000000
7179.275421  377.000000
7182.656568  363.000000
7186.037674  344.000000
7189.418738  322.000000
7192.799760  331.000000
7196.180742  360.000000
7199.561682  315.000000
7202.942580  362.000000
7206.323437  355.000000
7209.704253  336.000000
7213.085028  363.000000
7216.465761  347.000000
7219.846453  365.000000
7223.227103  350.000000
7226.607712  328.000000
7229.988280  301.000000
7233.368806  323.000000
7236.749291  337.000000
7240.129735  353.000000
7243.510137  347.000000
7246.890498  353.000000
7250.270817  305.000000
7253.651095  360.000000
7257.031332  328.000000
7260.411528  348.000000
7263.791682  341.000000
7267.171795  345.000000
7270.551866  330.000000
7273.931896  349.000000
7277.311885  363.000000
7280.691832  349.000000
7284.071739  301.000000
7287.451603  366.000000
7290.831427  364.000000
7294.211209  453.000000
7297.590950  415.000000
7300.970649  557.000000
7304.350307  593.000000
7307.729924  724.000000
7311.109500  670.000000
7314.489034  556.000000
7317.868527  414.000000
7321.247978  420.000000
7324.627388  416.000000
7328.006757  359.000000
7331.386085  364.000000
7334.765371  346.000000
7338.144616  373.000000
7341.523820  359.000000
7344.902982  336.000000
7348.282103  366.000000
7351.661183  341.000000
7355.040221  361.000000
7358.419218  372.000000
7361.798174  337.000000
7365.177089  338.000000
7368.555962  345.000000
7371.934794  355.000000
7375.313585  316.000000
7378.692334  317.000000
7382.071042  303.000000
7385.449709  313.000000
7388.828334  408.000000
7392.206918  306.000000
7395.585461  362.000000
7398.963963  384.000000
7402.342423  319.000000
7405.720842  305.000000
7409.099220  303.000000
7412.477556  364.000000
7415.855852  325.000000
7419.234106  297.000000
7422.612318  345.000000
7425.990490  332.000000
7429.368620  320.000000
7432.746709  315.000000
7436.124756  333.000000
7439.502763  352.000000
7442.880728  363.000000
7446.258652  324.000000
7449.636534  368.000000
7453.014375  351.000000
7456.392175  326.000000
7459.769934  347.000000
7463.147652  337.000000
7466.525328  339.000000
7469.902963  322.000000
7473.280557  334.000000
7476.658109  308.000000
7480.035621  310.000000
7483.413091  336.000000
7486.790519  344.000000
7490.167907  337.000000
7493.545253  353.000000
7496.922558  323.000000
7500.299822  350.000000
7503.677045  331.000000
7507.054226  339.000000
7510.431366  296.000000
7513.808465  341.000000
7517.185523  324.000000
7520.562539  331.000000
7523.939514  301.000000
7527.316448  323.000000
7530.693341  329.000000
7534.070192  352.000000
7537.447003  331.000000
7540.823772  310.000000
7544.200500  336.000000
7547.577186  308.000000
7550.953832  353.000000
7554.330436  308.000000
7557.706999  348.000000
7561.083521  349.000000
7564.460001  342.000000
7567.836441  364.000000
7571.212839  343.000000
7574.589196  324.000000
7577.965512  311.000000
7581.341786  316.000000
7584.718019  346.000000
7588.094212  347.000000
7591.470362  366.000000
7594.846472  334.000000
7598.222541  318.000000
7601.598568  333.000000
7604.974554  311.000000
7608.350499  285.000000
7611.726403  312.000000
7615.102266  338.000000
7618.478087  325.000000
7621.853867  318.000000
7625.229606  334.000000
7628.605304  317.000000
7631.980961  304.000000
7635.356577  361.000000
7638.732151  336.000000
7642.107684  356.000000
7645.483176  314.000000
7648.858627  357.000000
7652.234037  362.000000
7655.609405  348.000000
7658.984732  302.000000
7662.360019  328.000000
7665.735264  315.000000
7669.110467  354.000000
7672.485630  305.000000
7675.860752  333.000000
7679.235832  309.000000
7682.610871  344.000000
7685.985869  347.000000
7689.360826  332.000000
7692.735742  318.000000
7696.110616  327.000000
7699.485450  306.000000
7702.860242  336.000000
7706.234993  352.000000
7709.609703  345.000000
7712.984372  356.000000
7716.359000  347.000000
7719.733586  313.000000
7723.108132  333.000000
7726.482636  345.000000
7729.857099  342.000000
7733.231521  348.000000
7736.605902  318.000000
7739.980242  331.000000
7743.354540  328.000000
7746.728798  354.000000
7750.103014  339.000000
7753.477190  314.000000
7756.851324  346.000000
7760.225417  328.000000
7763.599469  360.000000
7766.973479  358.000000
7770.347449  381.000000
7773.721377  338.000000
7777.095265  301.000000
7780.469111  325.000000
7783.842916  321.000000
7787.216680  331.000000
7790.590403  345.000000
7793.964085  324.000000
7797.337726  303.000000
7800.711326  343.000000
7804.084884  342.000000
7807.458402  330.000000
7810.831878  346.000000
7814.205313  351.000000
7817.578708  301.000000
7820.952061  302.000000
7824.325373  321.000000
7827.698643  333.000000
7831.071873  342.000000
7834.445062  343.000000
7837.818210  331.000000
7841.191316  315.000000
7844.564381  314.000000
7847.937406  335.000000
7851.310389  347.000000
7854.683331  345.000000
7858.056232  315.000000
7861.429092  339.000000
7864.801911  359.000000
7868.174689  347.000000
7871.547426  348.000000
7874.920122  336.000000
7878.292777  306.000000
7881.665390  321.000000
7885.037963  308.000000
7888.410494  350.000000
7891.782985  325.000000
7895.155434  319.000000
7898.527842  323.000000
7901.900209  367.000000
7905.272536  354.000000
7908.644821  343.000000
7912.017065  350.000000
7915.389268  356.000000
7918.761430  356.000000
7922.133551  352.000000
7925.505630  329.000000
7928.877669  303.000000
7932.249667  362.000000
7935.621624  329.000000
7938.993539  328.000000
7942.365414  349.000000
7945.737248  306.000000
7949.109040  333.000000
7952.480792  342.000000
7955.852502  332.000000
7959.224172  319.000000
7962.595800  355.000000
7965.967388  354.000000
7969.338934  345.000000
7972.710439  322.000000
7976.081904  341.000000
7979.453327  336.000000
7982.824709  354.000000
7986.196050  346.000000
7989.567351  349.000000
7992.938610  345.000000
7996.309828  349.000000
7999.681005  340.000000
8003.052141  347.000000
8006.423236  332.000000
8009.794291  360.000000
8013.165304  377.000000
8016.536276  343.000000
8019.907207  351.000000
8023.278097  330.000000
8026.648946  341.000000
8030.019754  315.000000
8033.390521  349.000000
8036.761247  339.000000
8040.131933  353.000000
8043.502577  335.000000
8046.873180  331.000000
8050.243742  364.000000
8053.614263  345.000000
8056.984743  326.000000
8060.355182  337.000000
8063.725580  330.000000
8067.095938  337.000000
8070.466254  351.000000
8073.836529  358.000000
8077.206763  317.000000
8080.576957  325.000000
8083.947109  313.000000
8087.317220  320.000000
8090.687290  329.000000
8094.057320  339.000000
8097.427308  345.000000
8100.797255  335.000000
8104.167162  326.000000
8107.537027  328.000000
