-101.649236  266.000000
-98.176568  241.000000
-94.703945  255.000000
-91.231367  257.000000
-87.758833  249.000000
-84.286345  268.000000
-80.813901  257.000000
-77.341501  224.000000
-73.869147  247.000000
-70.396838  241.000000
-66.924573  249.000000
-63.452353  252.000000
-59.980178  233.000000
-56.508048  245.000000
-53.035963  274.000000
-49.563922  267.000000
-46.091927  231.000000
-42.619976  274.000000
-39.148070  273.000000
-35.676208  270.000000
-32.204392  259.000000
-28.732620  262.000000
-25.260893  233.000000
-21.789211  250.000000
-18.317574  267.000000
-14.845981  266.000000
-11.374433  272.000000
-7.902931  235.000000
-4.431472  269.000000
-0.960059  258.000000
2.511310  241.000000
5.982633  229.000000
9.453912  266.000000
12.925147  301.000000
16.396336  252.000000
19.867481  254.000000
23.338581  254.000000
26.809636  267.000000
30.280646  241.000000
33.751612  252.000000
37.222533  242.000000
40.693409  239.000000
44.164240  245.000000
47.635027  258.000000
51.105768  273.000000
54.576465  249.000000
58.047118  253.000000
61.517725  275.000000
64.988288  241.000000
68.458806  256.000000
71.929279  264.000000
75.399707  260.000000
78.870091  257.000000
82.340430  264.000000
85.810725  241.000000
89.280974  272.000000
92.751179  267.000000
96.221339  254.000000
99.691454  261.000000
103.161525  263.000000
106.631551  264.000000
110.101532  261.000000
113.571468  236.000000
117.041360  255.000000
120.511207  260.000000
123.981009  258.000000
127.450766  272.000000
130.920479  241.000000
134.390147  230.000000
137.859770  222.000000
141.329349  266.000000
144.798883  262.000000
148.268372  277.000000
151.737817  229.000000
155.207216  227.000000
158.676571  282.000000
162.145882  275.000000
165.615147  254.000000
169.084368  274.000000
172.553544  258.000000
176.022676  246.000000
179.491763  248.000000
182.960805  271.000000
186.429802  268.000000
189.898755  258.000000
193.367663  261.000000
196.836527  264.000000
200.305345  280.000000
203.774119  251.000000
207.242849  252.000000
210.711533  253.000000
214.180173  274.000000
217.648769  253.000000
221.117319  248.000000
224.585825  273.000000
228.054286  272.000000
231.522703  270.000000
234.991075  278.000000
238.459402  266.000000
241.927685  252.000000
245.395923  260.000000
248.864116  269.000000
252.332265  264.000000
255.800368  250.000000
259.268428  301.000000
262.736442  277.000000
266.204412  266.000000
269.672338  285.000000
273.140218  264.000000
276.608054  256.000000
280.075846  250.000000
283.543593  258.000000
287.011295  267.000000
290.478952  256.000000
293.946565  301.000000
297.414133  333.000000
300.881657  334.000000
304.349136  370.000000
307.816570  347.000000
311.283959  307.000000
314.751305  298.000000
318.218605  318.000000
321.685861  299.000000
325.153072  273.000000
328.620238  274.000000
332.087360  267.000000
335.554437  250.000000
339.021470  245.000000
342.488458  249.000000
345.955402  271.000000
349.422300  265.000000
352.889155  289.000000
356.355964  260.000000
359.822729  252.000000
363.289450  243.000000
366.756125  250.000000
370.222757  265.000000
373.689343  251.000000
377.155885  235.000000
380.622382  245.000000
384.088835  258.000000
387.555243  262.000000
391.021607  267.000000
394.487926  273.000000
397.954201  244.000000
401.420430  245.000000
404.886616  234.000000
408.352756  245.000000
411.818852  256.000000
415.284904  270.000000
418.750911  263.000000
422.216873  265.000000
425.682791  250.000000
429.148664  277.000000
432.614493  273.000000
436.080277  263.000000
439.546016  287.000000
443.011711  309.000000
446.477362  292.000000
449.942967  304.000000
453.408529  416.000000
456.874045  507.000000
460.339517  765.000000
463.804945  602.000000
467.270328  577.000000
470.735667  415.000000
474.200961  385.000000
477.666210  288.000000
481.131415  347.000000
484.596575  288.000000
488.061691  275.000000
491.526762  257.000000
494.991789  286.000000
498.456771  254.000000
501.921708  256.000000
505.386601  236.000000
508.851450  270.000000
512.316254  248.000000
515.781013  313.000000
519.245728  273.000000
522.710399  282.000000
526.175024  257.000000
529.639606  261.000000
533.104143  273.000000
536.568635  245.000000
540.033083  272.000000
543.497486  255.000000
546.961845  244.000000
550.426159  265.000000
553.890429  259.000000
557.354654  258.000000
560.818835  269.000000
564.282971  225.000000
567.747063  272.000000
571.211110  262.000000
574.675113  230.000000
578.139071  259.000000
581.602985  272.000000
585.066854  247.000000
588.530678  237.000000
591.994459  270.000000
595.458195  271.000000
598.921886  284.000000
602.385533  276.000000
605.849135  280.000000
609.312693  248.000000
612.776206  262.000000
616.239675  248.000000
619.703099  274.000000
623.166479  267.000000
626.629814  262.000000
630.093105  267.000000
633.556352  269.000000
637.019554  278.000000
640.482711  245.000000
643.945824  279.000000
647.408893  261.000000
650.871917  279.000000
654.334897  266.000000
657.797832  250.000000
661.260723  294.000000
664.723569  280.000000
668.186371  274.000000
671.649128  261.000000
675.111841  240.000000
678.574510  266.000000
682.037134  268.000000
685.499714  280.000000
688.962249  283.000000
692.424739  263.000000
695.887186  277.000000
699.349588  268.000000
702.811945  308.000000
706.274258  289.000000
709.736526  302.000000
713.198751  352.000000
716.660930  396.000000
720.123065  452.000000
723.585156  766.000000
727.047203  1504.000000
730.509205  1339.000000
733.971162  886.000000
737.433075  632.000000
740.894944  503.000000
744.356768  440.000000
747.818548  382.000000
751.280284  352.000000
754.741975  329.000000
758.203621  299.000000
761.665224  277.000000
765.126781  286.000000
768.588295  314.000000
772.049764  253.000000
775.511189  287.000000
778.972569  301.000000
782.433905  242.000000
785.895196  262.000000
789.356443  275.000000
792.817646  257.000000
796.278804  261.000000
799.739918  294.000000
803.200987  261.000000
806.662012  279.000000
810.122993  250.000000
813.583929  252.000000
817.044821  250.000000
820.505669  267.000000
823.966472  251.000000
827.427231  250.000000
830.887945  274.000000
834.348615  254.000000
837.809241  275.000000
841.269822  243.000000
844.730359  272.000000
848.190852  246.000000
851.651300  243.000000
855.111704  247.000000
858.572064  255.000000
862.032379  246.000000
865.492650  272.000000
868.952876  285.000000
872.413058  244.000000
875.873196  261.000000
879.333289  237.000000
882.793338  256.000000
886.253343  269.000000
889.713303  219.000000
893.173219  267.000000
896.633091  259.000000
900.092918  246.000000
903.552701  237.000000
907.012440  245.000000
910.472134  277.000000
913.931784  264.000000
917.391390  229.000000
920.850951  241.000000
924.310468  269.000000
927.769941  255.000000
931.229369  244.000000
934.688753  229.000000
938.148093  253.000000
941.607388  270.000000
945.066639  257.000000
948.525846  270.000000
951.985009  251.000000
955.444127  238.000000
958.903201  234.000000
962.362230  268.000000
965.821215  291.000000
969.280156  282.000000
972.739053  248.000000
976.197905  266.000000
979.656713  276.000000
983.115477  285.000000
986.574196  272.000000
990.032871  230.000000
993.491502  261.000000
996.950089  262.000000
1000.408631  260.000000
1003.867129  255.000000
1007.325582  234.000000
1010.783992  255.000000
1014.242357  244.000000
1017.700678  258.000000
1021.158954  255.000000
1024.617186  238.000000
1028.075374  232.000000
1031.533518  261.000000
1034.991617  275.000000
1038.449672  261.000000
1041.907683  245.000000
1045.365650  246.000000
1048.823572  246.000000
1052.281450  279.000000
1055.739284  246.000000
1059.197074  245.000000
1062.654819  289.000000
1066.112520  241.000000
1069.570177  252.000000
1073.027789  244.000000
1076.485358  271.000000
1079.942882  243.000000
1083.400361  261.000000
1086.857797  257.000000
1090.315188  247.000000
1093.772535  246.000000
1097.229838  232.000000
1100.687097  235.000000
1104.144311  267.000000
1107.601481  237.000000
1111.058607  284.000000
1114.515688  275.000000
1117.972726  220.000000
1121.429719  253.000000
1124.886668  251.000000
1128.343572  212.000000
1131.800433  267.000000
1135.257249  232.000000
1138.714021  286.000000
1142.170749  235.000000
1145.627433  243.000000
1149.084072  256.000000
1152.540667  279.000000
1155.997218  266.000000
1159.453725  260.000000
1162.910187  253.000000
1166.366605  233.000000
1169.822979  228.000000
1173.279309  287.000000
1176.735595  250.000000
1180.191837  252.000000
1183.648034  251.000000
1187.104187  247.000000
1190.560296  267.000000
1194.016360  260.000000
1197.472381  240.000000
1200.928357  243.000000
1204.384289  249.000000
1207.840177  227.000000
1211.296021  247.000000
1214.751821  241.000000
1218.207576  253.000000
1221.663287  232.000000
1225.118954  258.000000
1228.574577  236.000000
1232.030156  280.000000
1235.485690  239.000000
1238.941180  245.000000
1242.396626  261.000000
1245.852029  241.000000
1249.307386  268.000000
1252.762700  249.000000
1256.217969  249.000000
1259.673195  285.000000
1263.128376  266.000000
1266.583513  249.000000
1270.038606  232.000000
1273.493654  223.000000
1276.948659  224.000000
1280.403619  250.000000
1283.858535  232.000000
6756.305698  270.000000
6759.692030  250.000000
6763.078319  249.000000
6766.464567  235.000000
6769.850774  253.000000
6773.236939  234.000000
6776.623062  232.000000
6780.009144  263.000000
6783.395184  251.000000
6786.781183  273.000000
6790.167140  262.000000
6793.553056  273.000000
6796.938930  252.000000
6800.324762  257.000000
6803.710553  263.000000
6807.096303  288.000000
6810.482010  267.000000
6813.867677  269.000000
6817.253302  246.000000
6820.638885  279.000000
6824.024427  245.000000
6827.409927  257.000000
6830.795385  246.000000
6834.180802  272.000000
6837.566178  241.000000
6840.951512  264.000000
6844.336804  262.000000
6847.722055  262.000000
6851.107265  257.000000
6854.492432  244.000000
6857.877559  260.000000
6861.262643  235.000000
6864.647687  263.000000
6868.032688  285.000000
6871.417649  279.000000
6874.802567  244.000000
6878.187445  261.000000
6881.572280  227.000000
6884.957075  236.000000
6888.341827  274.000000
6891.726538  248.000000
6895.111208  259.000000
6898.495836  273.000000
6901.880423  263.000000
6905.264968  260.000000
6908.649471  262.000000
6912.033934  279.000000
6915.418354  222.000000
6918.802733  267.000000
6922.187071  231.000000
6925.571367  277.000000
6928.955621  276.000000
6932.339835  255.000000
6935.724006  248.000000
6939.108136  253.000000
6942.492225  263.000000
6945.876272  252.000000
6949.260278  266.000000
6952.644242  264.000000
6956.028165  256.000000
6959.412046  258.000000
6962.795886  286.000000
6966.179684  301.000000
6969.563441  244.000000
6972.947156  286.000000
6976.330830  256.000000
6979.714462  249.000000
6983.098053  288.000000
6986.481603  232.000000
6989.865111  234.000000
6993.248577  241.000000
6996.632002  263.000000
7000.015386  267.000000
7003.398728  223.000000
7006.782028  253.000000
7010.165288  250.000000
7013.548505  237.000000
7016.931682  253.000000
7020.314816  272.000000
7023.697910  262.000000
7027.080962  232.000000
7030.463972  274.000000
7033.846941  247.000000
7037.229869  267.000000
7040.612755  268.000000
7043.995600  256.000000
7047.378403  273.000000
7050.761165  284.000000
7054.143885  265.000000
7057.526564  280.000000
7060.909202  290.000000
7064.291798  265.000000
7067.674352  301.000000
7071.056865  361.000000
7074.439337  340.000000
7077.821768  419.000000
7081.204156  423.000000
7084.586504  432.000000
7087.968810  329.000000
7091.351075  315.000000
7094.733298  311.000000
7098.115480  283.000000
7101.497620  291.000000
7104.879719  268.000000
7108.261777  273.000000
7111.643793  286.000000
7115.025767  236.000000
7118.407701  243.000000
7121.789593  241.000000
7125.171443  305.000000
7128.553252  263.000000
7131.935020  285.000000
7135.316746  275.000000
7138.698431  263.000000
7142.080075  345.000000
7145.461677  338.000000
7148.843237  496.000000
7152.224757  575.000000
7155.606235  513.000000
7158.987671  428.000000
7162.369066  372.000000
7165.750420  351.000000
7169.131733  319.000000
7172.513004  281.000000
7175.894233  307.000000
7179.275421  297.000000
7182.656568  280.000000
7186.037674  246.000000
7189.418738  246.000000
7192.799760  260.000000
7196.180742  257.000000
7199.561682  239.000000
7202.942580  265.000000
7206.323437  269.000000
7209.704253  269.000000
7213.085028  262.000000
7216.465761  255.000000
7219.846453  287.000000
7223.227103  282.000000
7226.607712  256.000000
7229.988280  230.000000
7233.368806  246.000000
7236.749291  262.000000
7240.129735  247.000000
7243.510137  256.000000
7246.890498  276.000000
7250.270817  260.000000
7253.651095  262.000000
7257.031332  276.000000
7260.411528  257.000000
7263.791682  249.000000
7267.171795  279.000000
7270.551866  254.000000
7273.931896  248.000000
7277.311885  230.000000
7280.691832  276.000000
7284.071739  269.000000
7287.451603  306.000000
7290.831427  277.000000
7294.211209  300.000000
7297.590950  287.000000
7300.970649  497.000000
7304.350307  591.000000
7307.729924  603.000000
7311.109500  547.000000
7314.489034  504.000000
7317.868527  378.000000
7321.247978  345.000000
7324.627388  336.000000
7328.006757  311.000000
7331.386085  302.000000
7334.765371  300.000000
7338.144616  280.000000
7341.523820  262.000000
7344.902982  262.000000
7348.282103  307.000000
7351.661183  269.000000
7355.040221  250.000000
7358.419218  274.000000
7361.798174  257.000000
7365.177089  293.000000
7368.555962  280.000000
7371.934794  255.000000
7375.313585  248.000000
7378.692334  256.000000
7382.071042  267.000000
7385.449709  285.000000
7388.828334  243.000000
7392.206918  242.000000
7395.585461  252.000000
7398.963963  241.000000
7402.342423  266.000000
7405.720842  279.000000
7409.099220  244.000000
7412.477556  257.000000
7415.855852  267.000000
7419.234106  247.000000
7422.612318  250.000000
7425.990490  245.000000
7429.368620  233.000000
7432.746709  225.000000
7436.124756  270.000000
7439.502763  276.000000
7442.880728  280.000000
7446.258652  252.000000
7449.636534  225.000000
7453.014375  238.000000
7456.392175  267.000000
7459.769934  230.000000
7463.147652  262.000000
7466.525328  231.000000
7469.902963  231.000000
7473.280557  249.000000
7476.658109  273.000000
7480.035621  244.000000
7483.413091  234.000000
7486.790519  244.000000
7490.167907  263.000000
7493.545253  250.000000
7496.922558  231.000000
7500.299822  249.000000
7503.677045  262.000000
7507.054226  254.000000
7510.431366  267.000000
7513.808465  240.000000
7517.185523  234.000000
7520.562539  239.000000
7523.939514  245.000000
7527.316448  231.000000
7530.693341  243.000000
7534.070192  262.000000
7537.447003  228.000000
7540.823772  274.000000
7544.200500  252.000000
7547.577186  257.000000
7550.953832  256.000000
7554.330436  272.000000
7557.706999  235.000000
7561.083521  241.000000
7564.460001  255.000000
7567.836441  262.000000
7571.212839  253.000000
7574.589196  237.000000
7577.965512  251.000000
7581.341786  264.000000
7584.718019  235.000000
7588.094212  246.000000
7591.470362  252.000000
7594.846472  235.000000
7598.222541  269.000000
7601.598568  279.000000
7604.974554  284.000000
7608.350499  277.000000
7611.726403  243.000000
7615.102266  276.000000
7618.478087  251.000000
7621.853867  263.000000
7625.229606  236.000000
7628.605304  241.000000
7631.980961  250.000000
7635.356577  263.000000
7638.732151  248.000000
7642.107684  273.000000
7645.483176  248.000000
7648.858627  271.000000
7652.234037  269.000000
7655.609405  225.000000
7658.984732  238.000000
7662.360019  254.000000
7665.735264  285.000000
7669.110467  245.000000
7672.485630  242.000000
7675.860752  233.000000
7679.235832  253.000000
7682.610871  274.000000
7685.985869  220.000000
7689.360826  234.000000
7692.735742  278.000000
7696.110616  225.000000
7699.485450  242.000000
7702.860242  243.000000
7706.234993  271.000000
7709.609703  262.000000
7712.984372  240.000000
7716.359000  230.000000
7719.733586  266.000000
7723.108132  242.000000
7726.482636  245.000000
7729.857099  258.000000
7733.231521  246.000000
7736.605902  279.000000
7739.980242  243.000000
7743.354540  288.000000
7746.728798  261.000000
7750.103014  238.000000
7753.477190  238.000000
7756.851324  269.000000
7760.225417  242.000000
7763.599469  254.000000
7766.973479  248.000000
7770.347449  260.000000
7773.721377  277.000000
7777.095265  256.000000
7780.469111  245.000000
7783.842916  264.000000
7787.216680  308.000000
7790.590403  253.000000
7793.964085  234.000000
7797.337726  239.000000
7800.711326  231.000000
7804.084884  242.000000
7807.458402  250.000000
7810.831878  259.000000
7814.205313  265.000000
7817.578708  232.000000
7820.952061  269.000000
7824.325373  248.000000
7827.698643  256.000000
7831.071873  240.000000
7834.445062  226.000000
7837.818210  222.000000
7841.191316  266.000000
7844.564381  263.000000
7847.937406  244.000000
7851.310389  234.000000
7854.683331  236.000000
7858.056232  246.000000
7861.429092  254.000000
7864.801911  248.000000
7868.174689  252.000000
7871.547426  230.000000
7874.920122  273.000000
7878.292777  248.000000
7881.665390  258.000000
7885.037963  243.000000
7888.410494  236.000000
7891.782985  271.000000
7895.155434  254.000000
7898.527842  245.000000
7901.900209  224.000000
7905.272536  263.000000
7908.644821  253.000000
7912.017065  249.000000
7915.389268  239.000000
7918.761430  249.000000
7922.133551  219.000000
7925.505630  228.000000
7928.877669  259.000000
7932.249667  250.000000
7935.621624  251.000000
7938.993539  256.000000
7942.365414  236.000000
7945.737248  255.000000
7949.109040  216.000000
7952.480792  243.000000
7955.852502  232.000000
7959.224172  255.000000
7962.595800  251.000000
7965.967388  245.000000
7969.338934  243.000000
7972.710439  283.000000
7976.081904  244.000000
7979.453327  230.000000
7982.824709  243.000000
7986.196050  247.000000
7989.567351  261.000000
7992.938610  248.000000
7996.309828  234.000000
7999.681005  246.000000
8003.052141  232.000000
8006.423236  253.000000
8009.794291  265.000000
8013.165304  227.000000
8016.536276  226.000000
8019.907207  260.000000
8023.278097  242.000000
8026.648946  247.000000
8030.019754  270.000000
8033.390521  292.000000
8036.761247  267.000000
8040.131933  256.000000
8043.502577  259.000000
8046.873180  271.000000
8050.243742  257.000000
8053.614263  268.000000
8056.984743  248.000000
8060.355182  263.000000
8063.725580  231.000000
8067.095938  246.000000
8070.466254  221.000000
8073.836529  242.000000
8077.206763  253.000000
8080.576957  232.000000
8083.947109  264.000000
8087.317220  224.000000
8090.687290  267.000000
8094.057320  243.000000
8097.427308  246.000000
8100.797255  253.000000
8104.167162  241.000000
8107.537027  263.000000
