-101.649236  170.000000
-98.176568  152.000000
-94.703945  160.000000
-91.231367  154.000000
-87.758833  143.000000
-84.286345  164.000000
-80.813901  160.000000
-77.341501  165.000000
-73.869147  148.000000
-70.396838  162.000000
-66.924573  162.000000
-63.452353  149.000000
-59.980178  166.000000
-56.508048  150.000000
-53.035963  164.000000
-49.563922  135.000000
-46.091927  178.000000
-42.619976  166.000000
-39.148070  163.000000
-35.676208  153.000000
-32.204392  143.000000
-28.732620  149.000000
-25.260893  158.000000
-21.789211  148.000000
-18.317574  162.000000
-14.845981  155.000000
-11.374433  154.000000
-7.902931  173.000000
-4.431472  159.000000
-0.960059  136.000000
2.511310  139.000000
5.982633  156.000000
9.453912  161.000000
12.925147  158.000000
16.396336  152.000000
19.867481  146.000000
23.338581  169.000000
26.809636  160.000000
30.280646  138.000000
33.751612  145.000000
37.222533  163.000000
40.693409  166.000000
44.164240  149.000000
47.635027  150.000000
51.105768  149.000000
54.576465  135.000000
58.047118  162.000000
61.517725  144.000000
64.988288  161.000000
68.458806  155.000000
71.929279  154.000000
75.399707  171.000000
78.870091  143.000000
82.340430  153.000000
85.810725  150.000000
89.280974  147.000000
92.751179  158.000000
96.221339  129.000000
99.691454  153.000000
103.161525  176.000000
106.631551  147.000000
110.101532  138.000000
113.571468  164.000000
117.041360  168.000000
120.511207  155.000000
123.981009  158.000000
127.450766  144.000000
130.920479  147.000000
134.390147  154.000000
137.859770  145.000000
141.329349  154.000000
144.798883  138.000000
148.268372  175.000000
151.737817  175.000000
155.207216  157.000000
158.676571  169.000000
162.145882  162.000000
165.615147  146.000000
169.084368  182.000000
172.553544  133.000000
176.022676  145.000000
179.491763  153.000000
182.960805  159.000000
186.429802  155.000000
189.898755  156.000000
193.367663  140.000000
196.836527  144.000000
200.305345  163.000000
203.774119  176.000000
207.242849  150.000000
210.711533  139.000000
214.180173  160.000000
217.648769  160.000000
221.117319  152.000000
224.585825  144.000000
228.054286  154.000000
231.522703  156.000000
234.991075  165.000000
238.459402  161.000000
241.927685  163.000000
245.395923  169.000000
248.864116  153.000000
252.332265  149.000000
255.800368  168.000000
259.268428  162.000000
262.736442  151.000000
266.204412  165.000000
269.672338  139.000000
273.140218  149.000000
276.608054  161.000000
280.075846  145.000000
283.543593  197.000000
287.011295  170.000000
290.478952  179.000000
293.946565  172.000000
297.414133  207.000000
300.881657  195.000000
304.349136  213.000000
307.816570  237.000000
311.283959  181.000000
314.751305  183.000000
318.218605  159.000000
321.685861  176.000000
325.153072  161.000000
328.620238  143.000000
332.087360  164.000000
335.554437  164.000000
339.021470  145.000000
342.488458  169.000000
345.955402  191.000000
349.422300  145.000000
352.889155  133.000000
356.355964  148.000000
359.822729  145.000000
363.289450  163.000000
366.756125  161.000000
370.222757  167.000000
373.689343  147.000000
377.155885  157.000000
380.622382  178.000000
384.088835  142.000000
387.555243  159.000000
391.021607  167.000000
394.487926  155.000000
397.954201  145.000000
401.420430  144.000000
404.886616  159.000000
408.352756  150.000000
411.818852  167.000000
415.284904  174.000000
418.750911  148.000000
422.216873  155.000000
425.682791  171.000000
429.148664  148.000000
432.614493  159.000000
436.080277  152.000000
439.546016  166.000000
443.011711  194.000000
446.477362  174.000000
449.942967  182.000000
453.408529  194.000000
456.874045  373.000000
460.339517  392.000000
463.804945  375.000000
467.270328  267.000000
470.735667  248.000000
474.200961  237.000000
477.666210  216.000000
481.131415  194.000000
484.596575  205.000000
488.061691  174.000000
491.526762  156.000000
494.991789  177.000000
498.456771  160.000000
501.921708  186.000000
505.386601  145.000000
508.851450  168.000000
512.316254  154.000000
515.781013  170.000000
519.245728  144.000000
522.710399  162.000000
526.175024  155.000000
529.639606  165.000000
533.104143  176.000000
536.568635  155.000000
540.033083  157.000000
543.497486  157.000000
546.961845  162.000000
550.426159  143.000000
553.890429  170.000000
557.354654  162.000000
560.818835  176.000000
564.282971  136.000000
567.747063  176.000000
571.211110  149.000000
574.675113  146.000000
578.139071  161.000000
581.602985  155.000000
585.066854  150.000000
588.530678  162.000000
591.994459  159.000000
595.458195  153.000000
598.921886  163.000000
602.385533  183.000000
605.849135  155.000000
609.312693  161.000000
612.776206  162.000000
616.239675  178.000000
619.703099  146.000000
623.166479  158.000000
626.629814  168.000000
630.093105  161.000000
633.556352  133.000000
637.019554  150.000000
640.482711  137.000000
643.945824  138.000000
647.408893  148.000000
650.871917  143.000000
654.334897  141.000000
657.797832  152.000000
661.260723  134.000000
664.723569  164.000000
668.186371  181.000000
671.649128  185.000000
675.111841  175.000000
678.574510  215.000000
682.037134  168.000000
685.499714  156.000000
688.962249  173.000000
692.424739  170.000000
695.887186  173.000000
699.349588  154.000000
702.811945  175.000000
706.274258  173.000000
709.736526  188.000000
713.198751  194.000000
716.660930  275.000000
720.123065  502.000000
723.585156  433.000000
727.047203  618.000000
730.509205  769.000000
733.971162  491.000000
737.433075  359.000000
740.894944  312.000000
744.356768  265.000000
747.818548  218.000000
751.280284  186.000000
754.741975  200.000000
758.203621  199.000000
761.665224  186.000000
765.126781  194.000000
768.588295  157.000000
772.049764  151.000000
775.511189  157.000000
778.972569  142.000000
782.433905  160.000000
785.895196  165.000000
789.356443  170.000000
792.817646  162.000000
796.278804  160.000000
799.739918  175.000000
803.200987  166.000000
806.662012  180.000000
810.122993  157.000000
813.583929  165.000000
817.044821  171.000000
820.505669  185.000000
823.966472  161.000000
827.427231  144.000000
830.887945  156.000000
834.348615  166.000000
837.809241  171.000000
841.269822  156.000000
844.730359  154.000000
848.190852  142.000000
851.651300  143.000000
855.111704  153.000000
858.572064  181.000000
862.032379  142.000000
865.492650  146.000000
868.952876  150.000000
872.413058  137.000000
875.873196  152.000000
879.333289  155.000000
882.793338  142.000000
886.253343  159.000000
889.713303  180.000000
893.173219  156.000000
896.633091  149.000000
900.092918  153.000000
903.552701  150.000000
907.012440  140.000000
910.472134  161.000000
913.931784  161.000000
917.391390  139.000000
920.850951  163.000000
924.310468  154.000000
927.769941  160.000000
931.229369  158.000000
934.688753  159.000000
938.148093  163.000000
941.607388  142.000000
945.066639  149.000000
948.525846  167.000000
951.985009  139.000000
955.444127  145.000000
958.903201  167.000000
962.362230  145.000000
965.821215  149.000000
969.280156  175.000000
972.739053  154.000000
976.197905  136.000000
979.656713  163.000000
983.115477  169.000000
986.574196  148.000000
990.032871  148.000000
993.491502  172.000000
996.950089  150.000000
1000.408631  153.000000
1003.867129  159.000000
1007.325582  180.000000
1010.783992  170.000000
1014.242357  167.000000
1017.700678  167.000000
1021.158954  158.000000
1024.617186  174.000000
1028.075374  156.000000
1031.533518  149.000000
1034.991617  170.000000
1038.449672  164.000000
1041.907683  166.000000
1045.365650  151.000000
1048.823572  155.000000
1052.281450  151.000000
1055.739284  165.000000
1059.197074  156.000000
1062.654819  162.000000
1066.112520  167.000000
1069.570177  159.000000
1073.027789  177.000000
1076.485358  173.000000
1079.942882  177.000000
1083.400361  166.000000
1086.857797  151.000000
1090.315188  175.000000
1093.772535  147.000000
1097.229838  182.000000
1100.687097  178.000000
1104.144311  179.000000
1107.601481  161.000000
1111.058607  154.000000
1114.515688  172.000000
1117.972726  153.000000
1121.429719  156.000000
1124.886668  166.000000
1128.343572  145.000000
1131.800433  166.000000
1135.257249  171.000000
1138.714021  174.000000
1142.170749  165.000000
1145.627433  171.000000
1149.084072  164.000000
1152.540667  163.000000
1155.997218  162.000000
1159.453725  150.000000
1162.910187  179.000000
1166.366605  201.000000
1169.822979  178.000000
1173.279309  139.000000
1176.735595  164.000000
1180.191837  166.000000
1183.648034  163.000000
1187.104187  181.000000
1190.560296  172.000000
1194.016360  154.000000
1197.472381  171.000000
1200.928357  139.000000
1204.384289  145.000000
1207.840177  169.000000
1211.296021  159.000000
1214.751821  164.000000
1218.207576  145.000000
1221.663287  160.000000
1225.118954  156.000000
1228.574577  150.000000
1232.030156  155.000000
1235.485690  157.000000
1238.941180  130.000000
1242.396626  170.000000
1245.852029  135.000000
1249.307386  152.000000
1252.762700  172.000000
1256.217969  141.000000
1259.673195  154.000000
1263.128376  161.000000
1266.583513  163.000000
1270.038606  156.000000
1273.493654  172.000000
1276.948659  176.000000
1280.403619  168.000000
1283.858535  169.000000
6756.305698  109.000000
6759.692030  101.000000
6763.078319  121.000000
6766.464567  104.000000
6769.850774  101.000000
6773.236939  119.000000
6776.623062  142.000000
6780.009144  109.000000
6783.395184  112.000000
6786.781183  109.000000
6790.167140  111.000000
6793.553056  139.000000
6796.938930  99.000000
6800.324762  125.000000
6803.710553  112.000000
6807.096303  120.000000
6810.482010  128.000000
6813.867677  110.000000
6817.253302  119.000000
6820.638885  123.000000
6824.024427  127.000000
6827.409927  110.000000
6830.795385  116.000000
6834.180802  134.000000
6837.566178  118.000000
6840.951512  123.000000
6844.336804  114.000000
6847.722055  120.000000
6851.107265  106.000000
6854.492432  105.000000
6857.877559  103.000000
6861.262643  102.000000
6864.647687  116.000000
6868.032688  128.000000
6871.417649  112.000000
6874.802567  127.000000
6878.187445  109.000000
6881.572280  109.000000
6884.957075  116.000000
6888.341827  122.000000
6891.726538  142.000000
6895.111208  112.000000
6898.495836  128.000000
6901.880423  118.000000
6905.264968  132.000000
6908.649471  138.000000
6912.033934  128.000000
6915.418354  104.000000
6918.802733  107.000000
6922.187071  95.000000
6925.571367  116.000000
6928.955621  109.000000
6932.339835  120.000000
6935.724006  136.000000
6939.108136  99.000000
6942.492225  114.000000
6945.876272  114.000000
6949.260278  118.000000
6952.644242  111.000000
6956.028165  121.000000
6959.412046  113.000000
6962.795886  92.000000
6966.179684  96.000000
6969.563441  112.000000
6972.947156  130.000000
6976.330830  119.000000
6979.714462  122.000000
6983.098053  114.000000
6986.481603  150.000000
6989.865111  106.000000
6993.248577  122.000000
6996.632002  109.000000
7000.015386  110.000000
7003.398728  113.000000
7006.782028  120.000000
7010.165288  123.000000
7013.548505  126.000000
7016.931682  116.000000
7020.314816  115.000000
7023.697910  115.000000
7027.080962  120.000000
7030.463972  127.000000
7033.846941  114.000000
7037.229869  98.000000
7040.612755  123.000000
7043.995600  104.000000
7047.378403  141.000000
7050.761165  128.000000
7054.143885  114.000000
7057.526564  114.000000
7060.909202  89.000000
7064.291798  118.000000
7067.674352  113.000000
7071.056865  116.000000
7074.439337  154.000000
7077.821768  172.000000
7081.204156  175.000000
7084.586504  118.000000
7087.968810  144.000000
7091.351075  127.000000
7094.733298  139.000000
7098.115480  132.000000
7101.497620  118.000000
7104.879719  100.000000
7108.261777  121.000000
7111.643793  125.000000
7115.025767  113.000000
7118.407701  116.000000
7121.789593  99.000000
7125.171443  124.000000
7128.553252  106.000000
7131.935020  107.000000
7135.316746  121.000000
7138.698431  129.000000
7142.080075  155.000000
7145.461677  174.000000
7148.843237  219.000000
7152.224757  210.000000
7155.606235  218.000000
7158.987671  173.000000
7162.369066  154.000000
7165.750420  126.000000
7169.131733  161.000000
7172.513004  120.000000
7175.894233  103.000000
7179.275421  120.000000
7182.656568  144.000000
7186.037674  125.000000
7189.418738  128.000000
7192.799760  138.000000
7196.180742  124.000000
7199.561682  110.000000
7202.942580  101.000000
7206.323437  117.000000
7209.704253  117.000000
7213.085028  123.000000
7216.465761  112.000000
7219.846453  129.000000
7223.227103  116.000000
7226.607712  111.000000
7229.988280  122.000000
7233.368806  107.000000
7236.749291  120.000000
7240.129735  119.000000
7243.510137  132.000000
7246.890498  111.000000
7250.270817  98.000000
7253.651095  115.000000
7257.031332  124.000000
7260.411528  124.000000
7263.791682  110.000000
7267.171795  125.000000
7270.551866  112.000000
7273.931896  108.000000
7277.311885  112.000000
7280.691832  115.000000
7284.071739  116.000000
7287.451603  120.000000
7290.831427  138.000000
7294.211209  109.000000
7297.590950  133.000000
7300.970649  144.000000
7304.350307  246.000000
7307.729924  218.000000
7311.109500  182.000000
7314.489034  206.000000
7317.868527  171.000000
7321.247978  147.000000
7324.627388  135.000000
7328.006757  119.000000
7331.386085  116.000000
7334.765371  110.000000
7338.144616  108.000000
7341.523820  121.000000
7344.902982  118.000000
7348.282103  123.000000
7351.661183  124.000000
7355.040221  134.000000
7358.419218  132.000000
7361.798174  123.000000
7365.177089  113.000000
7368.555962  87.000000
7371.934794  118.000000
7375.313585  126.000000
7378.692334  133.000000
7382.071042  119.000000
7385.449709  106.000000
7388.828334  112.000000
7392.206918  127.000000
7395.585461  126.000000
7398.963963  113.000000
7402.342423  102.000000
7405.720842  132.000000
7409.099220  121.000000
7412.477556  119.000000
7415.855852  116.000000
7419.234106  114.000000
7422.612318  119.000000
7425.990490  119.000000
7429.368620  104.000000
7432.746709  112.000000
7436.124756  111.000000
7439.502763  126.000000
7442.880728  111.000000
7446.258652  121.000000
7449.636534  111.000000
7453.014375  110.000000
7456.392175  107.000000
7459.769934  131.000000
7463.147652  105.000000
7466.525328  125.000000
7469.902963  122.000000
7473.280557  113.000000
7476.658109  134.000000
7480.035621  128.000000
7483.413091  117.000000
7486.790519  119.000000
7490.167907  132.000000
7493.545253  130.000000
7496.922558  129.000000
7500.299822  105.000000
7503.677045  124.000000
7507.054226  107.000000
7510.431366  103.000000
7513.808465  134.000000
7517.185523  115.000000
7520.562539  120.000000
7523.939514  110.000000
7527.316448  118.000000
7530.693341  112.000000
7534.070192  117.000000
7537.447003  98.000000
7540.823772  129.000000
7544.200500  124.000000
7547.577186  117.000000
7550.953832  122.000000
7554.330436  121.000000
7557.706999  157.000000
7561.083521  131.000000
7564.460001  117.000000
7567.836441  117.000000
7571.212839  118.000000
7574.589196  91.000000
7577.965512  133.000000
7581.341786  111.000000
7584.718019  78.000000
7588.094212  94.000000
7591.470362  112.000000
7594.846472  127.000000
7598.222541  105.000000
7601.598568  111.000000
7604.974554  124.000000
7608.350499  118.000000
7611.726403  110.000000
7615.102266  119.000000
7618.478087  99.000000
7621.853867  123.000000
7625.229606  136.000000
7628.605304  119.000000
7631.980961  123.000000
7635.356577  98.000000
7638.732151  122.000000
7642.107684  133.000000
7645.483176  109.000000
7648.858627  125.000000
7652.234037  139.000000
7655.609405  112.000000
7658.984732  121.000000
7662.360019  109.000000
7665.735264  105.000000
7669.110467  107.000000
7672.485630  130.000000
7675.860752  111.000000
7679.235832  132.000000
7682.610871  122.000000
7685.985869  97.000000
7689.360826  105.000000
7692.735742  113.000000
7696.110616  138.000000
7699.485450  120.000000
7702.860242  108.000000
7706.234993  121.000000
7709.609703  106.000000
7712.984372  116.000000
7716.359000  124.000000
7719.733586  116.000000
7723.108132  115.000000
7726.482636  109.000000
7729.857099  98.000000
7733.231521  112.000000
7736.605902  104.000000
7739.980242  107.000000
7743.354540  106.000000
7746.728798  121.000000
7750.103014  114.000000
7753.477190  144.000000
7756.851324  107.000000
7760.225417  114.000000
7763.599469  112.000000
7766.973479  121.000000
7770.347449  100.000000
7773.721377  98.000000
7777.095265  125.000000
7780.469111  117.000000
7783.842916  131.000000
7787.216680  108.000000
7790.590403  130.000000
7793.964085  119.000000
7797.337726  94.000000
7800.711326  122.000000
7804.084884  103.000000
7807.458402  105.000000
7810.831878  122.000000
7814.205313  105.000000
7817.578708  113.000000
7820.952061  112.000000
7824.325373  113.000000
7827.698643  113.000000
7831.071873  125.000000
7834.445062  120.000000
7837.818210  119.000000
7841.191316  117.000000
7844.564381  114.000000
7847.937406  101.000000
7851.310389  117.000000
7854.683331  97.000000
7858.056232  106.000000
7861.429092  114.000000
7864.801911  118.000000
7868.174689  125.000000
7871.547426  119.000000
7874.920122  123.000000
7878.292777  116.000000
7881.665390  120.000000
7885.037963  105.000000
7888.410494  97.000000
7891.782985  132.000000
7895.155434  99.000000
7898.527842  99.000000
7901.900209  121.000000
7905.272536  120.000000
7908.644821  135.000000
7912.017065  120.000000
7915.389268  117.000000
7918.761430  103.000000
7922.133551  118.000000
7925.505630  92.000000
7928.877669  96.000000
7932.249667  137.000000
7935.621624  113.000000
7938.993539  89.000000
7942.365414  102.000000
7945.737248  114.000000
7949.109040  119.000000
7952.480792  109.000000
7955.852502  110.000000
7959.224172  109.000000
7962.595800  110.000000
7965.967388  106.000000
7969.338934  121.000000
7972.710439  122.000000
7976.081904  121.000000
7979.453327  91.000000
7982.824709  119.000000
7986.196050  112.000000
7989.567351  109.000000
7992.938610  122.000000
7996.309828  121.000000
7999.681005  119.000000
8003.052141  111.000000
8006.423236  113.000000
8009.794291  123.000000
8013.165304  107.000000
8016.536276  111.000000
8019.907207  107.000000
8023.278097  123.000000
8026.648946  104.000000
8030.019754  136.000000
8033.390521  117.000000
8036.761247  115.000000
8040.131933  109.000000
8043.502577  121.000000
8046.873180  106.000000
8050.243742  118.000000
8053.614263  123.000000
8056.984743  116.000000
8060.355182  119.000000
8063.725580  105.000000
8067.095938  127.000000
8070.466254  108.000000
8073.836529  115.000000
8077.206763  109.000000
8080.576957  128.000000
8083.947109  126.000000
8087.317220  110.000000
8090.687290  112.000000
8094.057320  109.000000
8097.427308  128.000000
8100.797255  101.000000
8104.167162  114.000000
8107.537027  122.000000
