-101.649236  122.000000
-98.176568  115.000000
-94.703945  98.000000
-91.231367  112.000000
-87.758833  118.000000
-84.286345  111.000000
-80.813901  118.000000
-77.341501  109.000000
-73.869147  92.000000
-70.396838  122.000000
-66.924573  102.000000
-63.452353  115.000000
-59.980178  132.000000
-56.508048  107.000000
-53.035963  110.000000
-49.563922  114.000000
-46.091927  112.000000
-42.619976  111.000000
-39.148070  116.000000
-35.676208  108.000000
-32.204392  102.000000
-28.732620  103.000000
-25.260893  118.000000
-21.789211  93.000000
-18.317574  100.000000
-14.845981  98.000000
-11.374433  113.000000
-7.902931  115.000000
-4.431472  110.000000
-0.960059  100.000000
2.511310  99.000000
5.982633  95.000000
9.453912  98.000000
12.925147  116.000000
16.396336  105.000000
19.867481  100.000000
23.338581  114.000000
26.809636  122.000000
30.280646  101.000000
33.751612  113.000000
37.222533  114.000000
40.693409  118.000000
44.164240  105.000000
47.635027  112.000000
51.105768  106.000000
54.576465  107.000000
58.047118  113.000000
61.517725  120.000000
64.988288  124.000000
68.458806  104.000000
71.929279  117.000000
75.399707  114.000000
78.870091  130.000000
82.340430  110.000000
85.810725  107.000000
89.280974  129.000000
92.751179  93.000000
96.221339  107.000000
99.691454  106.000000
103.161525  110.000000
106.631551  114.000000
110.101532  118.000000
113.571468  98.000000
117.041360  117.000000
120.511207  109.000000
123.981009  103.000000
127.450766  109.000000
130.920479  101.000000
134.390147  118.000000
137.859770  87.000000
141.329349  97.000000
144.798883  117.000000
148.268372  101.000000
151.737817  98.000000
155.207216  126.000000
158.676571  115.000000
162.145882  102.000000
165.615147  104.000000
169.084368  127.000000
172.553544  115.000000
176.022676  107.000000
179.491763  119.000000
182.960805  136.000000
186.429802  104.000000
189.898755  118.000000
193.367663  90.000000
196.836527  97.000000
200.305345  104.000000
203.774119  112.000000
207.242849  136.000000
210.711533  129.000000
214.180173  106.000000
217.648769  131.000000
221.117319  133.000000
224.585825  102.000000
228.054286  117.000000
231.522703  105.000000
234.991075  109.000000
238.459402  119.000000
241.927685  118.000000
245.395923  112.000000
248.864116  82.000000
252.332265  98.000000
255.800368  137.000000
259.268428  104.000000
262.736442  96.000000
266.204412  136.000000
269.672338  118.000000
273.140218  106.000000
276.608054  115.000000
280.075846  110.000000
283.543593  113.000000
287.011295  117.000000
290.478952  106.000000
293.946565  141.000000
297.414133  119.000000
300.881657  144.000000
304.349136  168.000000
307.816570  139.000000
311.283959  117.000000
314.751305  114.000000
318.218605  129.000000
321.685861  130.000000
325.153072  110.000000
328.620238  125.000000
332.087360  100.000000
335.554437  123.000000
339.021470  126.000000
342.488458  106.000000
345.955402  90.000000
349.422300  121.000000
352.889155  120.000000
356.355964  110.000000
359.822729  96.000000
363.289450  100.000000
366.756125  106.000000
370.222757  153.000000
373.689343  105.000000
377.155885  99.000000
380.622382  97.000000
384.088835  86.000000
387.555243  110.000000
391.021607  123.000000
394.487926  107.000000
397.954201  96.000000
401.420430  115.000000
404.886616  116.000000
408.352756  112.000000
411.818852  111.000000
415.284904  117.000000
418.750911  131.000000
422.216873  96.000000
425.682791  129.000000
429.148664  118.000000
432.614493  117.000000
436.080277  108.000000
439.546016  94.000000
443.011711  104.000000
446.477362  112.000000
449.942967  136.000000
453.408529  138.000000
456.874045  225.000000
460.339517  226.000000
463.804945  246.000000
467.270328  206.000000
470.735667  164.000000
474.200961  163.000000
477.666210  130.000000
481.131415  127.000000
484.596575  114.000000
488.061691  125.000000
491.526762  139.000000
494.991789  126.000000
498.456771  102.000000
501.921708  140.000000
505.386601  133.000000
508.851450  130.000000
512.316254  117.000000
515.781013  97.000000
519.245728  115.000000
522.710399  114.000000
526.175024  118.000000
529.639606  108.000000
533.104143  134.000000
536.568635  122.000000
540.033083  115.000000
543.497486  117.000000
546.961845  115.000000
550.426159  93.000000
553.890429  128.000000
557.354654  101.000000
560.818835  113.000000
564.282971  107.000000
567.747063  117.000000
571.211110  106.000000
574.675113  108.000000
578.139071  111.000000
581.602985  103.000000
585.066854  116.000000
588.530678  118.000000
591.994459  115.000000
595.458195  113.000000
598.921886  126.000000
602.385533  103.000000
605.849135  107.000000
609.312693  108.000000
612.776206  127.000000
616.239675  101.000000
619.703099  121.000000
623.166479  125.000000
626.629814  106.000000
630.093105  101.000000
633.556352  112.000000
637.019554  109.000000
640.482711  108.000000
643.945824  105.000000
647.408893  116.000000
650.871917  102.000000
654.334897  126.000000
657.797832  118.000000
661.260723  130.000000
664.723569  102.000000
668.186371  113.000000
671.649128  113.000000
675.111841  121.000000
678.574510  124.000000
682.037134  113.000000
685.499714  105.000000
688.962249  100.000000
692.424739  108.000000
695.887186  113.000000
699.349588  133.000000
702.811945  115.000000
706.274258  111.000000
709.736526  137.000000
713.198751  166.000000
716.660930  226.000000
720.123065  211.000000
723.585156  314.000000
727.047203  432.000000
730.509205  342.000000
733.971162  317.000000
737.433075  223.000000
740.894944  200.000000
744.356768  159.000000
747.818548  124.000000
751.280284  117.000000
754.741975  131.000000
758.203621  117.000000
761.665224  118.000000
765.126781  122.000000
768.588295  116.000000
772.049764  109.000000
775.511189  118.000000
778.972569  116.000000
782.433905  98.000000
785.895196  99.000000
789.356443  96.000000
792.817646  113.000000
796.278804  129.000000
799.739918  118.000000
803.200987  132.000000
806.662012  108.000000
810.122993  105.000000
813.583929  113.000000
817.044821  122.000000
820.505669  113.000000
823.966472  126.000000
827.427231  128.000000
830.887945  106.000000
834.348615  106.000000
837.809241  107.000000
841.269822  113.000000
844.730359  116.000000
848.190852  128.000000
851.651300  98.000000
855.111704  106.000000
858.572064  99.000000
862.032379  124.000000
865.492650  110.000000
868.952876  126.000000
872.413058  124.000000
875.873196  117.000000
879.333289  111.000000
882.793338  104.000000
886.253343  118.000000
889.713303  123.000000
893.173219  117.000000
896.633091  117.000000
900.092918  127.000000
903.552701  103.000000
907.012440  128.000000
910.472134  115.000000
913.931784  109.000000
917.391390  105.000000
920.850951  110.000000
924.310468  115.000000
927.769941  106.000000
931.229369  118.000000
934.688753  109.000000
938.148093  132.000000
941.607388  117.000000
945.066639  111.000000
948.525846  109.000000
951.985009  131.000000
955.444127  107.000000
958.903201  112.000000
962.362230  123.000000
965.821215  109.000000
969.280156  119.000000
972.739053  127.000000
976.197905  132.000000
979.656713  109.000000
983.115477  134.000000
986.574196  118.000000
990.032871  114.000000
993.491502  111.000000
996.950089  118.000000
1000.408631  121.000000
1003.867129  123.000000
1007.325582  101.000000
1010.783992  102.000000
1014.242357  110.000000
1017.700678  134.000000
1021.158954  114.000000
1024.617186  119.000000
1028.075374  106.000000
1031.533518  126.000000
1034.991617  114.000000
1038.449672  96.000000
1041.907683  118.000000
1045.365650  109.000000
1048.823572  134.000000
1052.281450  115.000000
1055.739284  96.000000
1059.197074  118.000000
1062.654819  104.000000
1066.112520  88.000000
1069.570177  102.000000
1073.027789  136.000000
1076.485358  105.000000
1079.942882  95.000000
1083.400361  118.000000
1086.857797  121.000000
1090.315188  138.000000
1093.772535  92.000000
1097.229838  111.000000
1100.687097  102.000000
1104.144311  102.000000
1107.601481  118.000000
1111.058607  116.000000
1114.515688  116.000000
1117.972726  99.000000
1121.429719  103.000000
1124.886668  101.000000
1128.343572  117.000000
1131.800433  112.000000
1135.257249  112.000000
1138.714021  127.000000
1142.170749  119.000000
1145.627433  122.000000
1149.084072  123.000000
1152.540667  124.000000
1155.997218  100.000000
1159.453725  113.000000
1162.910187  99.000000
1166.366605  112.000000
1169.822979  114.000000
1173.279309  101.000000
1176.735595  105.000000
1180.191837  108.000000
1183.648034  127.000000
1187.104187  115.000000
1190.560296  108.000000
1194.016360  111.000000
1197.472381  110.000000
1200.928357  124.000000
1204.384289  103.000000
1207.840177  92.000000
1211.296021  105.000000
1214.751821  100.000000
1218.207576  131.000000
1221.663287  112.000000
1225.118954  108.000000
1228.574577  125.000000
1232.030156  112.000000
1235.485690  109.000000
1238.941180  106.000000
1242.396626  94.000000
1245.852029  113.000000
1249.307386  128.000000
1252.762700  116.000000
1256.217969  105.000000
1259.673195  102.000000
1263.128376  107.000000
1266.583513  113.000000
1270.038606  92.000000
1273.493654  110.000000
1276.948659  107.000000
1280.403619  94.000000
1283.858535  123.000000
6756.305698  86.000000
6759.692030  59.000000
6763.078319  74.000000
6766.464567  84.000000
6769.850774  78.000000
6773.236939  80.000000
6776.623062  86.000000
6780.009144  72.000000
6783.395184  73.000000
6786.781183  59.000000
6790.167140  81.000000
6793.553056  76.000000
6796.938930  82.000000
6800.324762  75.000000
6803.710553  69.000000
6807.096303  89.000000
6810.482010  68.000000
6813.867677  66.000000
6817.253302  68.000000
6820.638885  69.000000
6824.024427  55.000000
6827.409927  56.000000
6830.795385  64.000000
6834.180802  89.000000
6837.566178  80.000000
6840.951512  70.000000
6844.336804  81.000000
6847.722055  88.000000
6851.107265  96.000000
6854.492432  82.000000
6857.877559  71.000000
6861.262643  63.000000
6864.647687  74.000000
6868.032688  67.000000
6871.417649  74.000000
6874.802567  68.000000
6878.187445  72.000000
6881.572280  73.000000
6884.957075  71.000000
6888.341827  60.000000
6891.726538  86.000000
6895.111208  64.000000
6898.495836  86.000000
6901.880423  83.000000
6905.264968  76.000000
6908.649471  68.000000
6912.033934  86.000000
6915.418354  73.000000
6918.802733  77.000000
6922.187071  70.000000
6925.571367  64.000000
6928.955621  85.000000
6932.339835  70.000000
6935.724006  61.000000
6939.108136  87.000000
6942.492225  70.000000
6945.876272  93.000000
6949.260278  61.000000
6952.644242  89.000000
6956.028165  70.000000
6959.412046  89.000000
6962.795886  66.000000
6966.179684  90.000000
6969.563441  80.000000
6972.947156  72.000000
6976.330830  52.000000
6979.714462  74.000000
6983.098053  80.000000
6986.481603  71.000000
6989.865111  76.000000
6993.248577  67.000000
6996.632002  68.000000
7000.015386  66.000000
7003.398728  81.000000
7006.782028  64.000000
7010.165288  73.000000
7013.548505  80.000000
7016.931682  85.000000
7020.314816  58.000000
7023.697910  77.000000
7027.080962  74.000000
7030.463972  87.000000
7033.846941  72.000000
7037.229869  72.000000
7040.612755  67.000000
7043.995600  81.000000
7047.378403  72.000000
7050.761165  74.000000
7054.143885  73.000000
7057.526564  73.000000
7060.909202  72.000000
7064.291798  76.000000
7067.674352  75.000000
7071.056865  87.000000
7074.439337  71.000000
7077.821768  82.000000
7081.204156  71.000000
7084.586504  63.000000
7087.968810  71.000000
7091.351075  64.000000
7094.733298  68.000000
7098.115480  67.000000
7101.497620  71.000000
7104.879719  76.000000
7108.261777  64.000000
7111.643793  79.000000
7115.025767  85.000000
7118.407701  73.000000
7121.789593  70.000000
7125.171443  81.000000
7128.553252  71.000000
7131.935020  77.000000
7135.316746  86.000000
7138.698431  79.000000
7142.080075  91.000000
7145.461677  72.000000
7148.843237  61.000000
7152.224757  87.000000
7155.606235  87.000000
7158.987671  55.000000
7162.369066  74.000000
7165.750420  73.000000
7169.131733  81.000000
7172.513004  71.000000
7175.894233  85.000000
7179.275421  68.000000
7182.656568  61.000000
7186.037674  68.000000
7189.418738  84.000000
7192.799760  71.000000
7196.180742  78.000000
7199.561682  86.000000
7202.942580  72.000000
7206.323437  73.000000
7209.704253  63.000000
7213.085028  64.000000
7216.465761  76.000000
7219.846453  84.000000
7223.227103  75.000000
7226.607712  78.000000
7229.988280  60.000000
7233.368806  73.000000
7236.749291  67.000000
7240.129735  96.000000
7243.510137  83.000000
7246.890498  62.000000
7250.270817  67.000000
7253.651095  80.000000
7257.031332  63.000000
7260.411528  86.000000
7263.791682  76.000000
7267.171795  80.000000
7270.551866  82.000000
7273.931896  76.000000
7277.311885  66.000000
7280.691832  73.000000
7284.071739  70.000000
7287.451603  72.000000
7290.831427  71.000000
7294.211209  70.000000
7297.590950  85.000000
7300.970649  64.000000
7304.350307  89.000000
7307.729924  90.000000
7311.109500  87.000000
7314.489034  103.000000
7317.868527  70.000000
7321.247978  84.000000
7324.627388  78.000000
7328.006757  64.000000
7331.386085  87.000000
7334.765371  87.000000
7338.144616  84.000000
7341.523820  78.000000
7344.902982  65.000000
7348.282103  76.000000
7351.661183  78.000000
7355.040221  78.000000
7358.419218  76.000000
7361.798174  72.000000
7365.177089  74.000000
7368.555962  70.000000
7371.934794  88.000000
7375.313585  79.000000
7378.692334  69.000000
7382.071042  89.000000
7385.449709  66.000000
7388.828334  79.000000
7392.206918  67.000000
7395.585461  64.000000
7398.963963  71.000000
7402.342423  55.000000
7405.720842  65.000000
7409.099220  78.000000
7412.477556  72.000000
7415.855852  76.000000
7419.234106  75.000000
7422.612318  78.000000
7425.990490  77.000000
7429.368620  83.000000
7432.746709  80.000000
7436.124756  90.000000
7439.502763  70.000000
7442.880728  67.000000
7446.258652  70.000000
7449.636534  59.000000
7453.014375  69.000000
7456.392175  66.000000
7459.769934  69.000000
7463.147652  74.000000
7466.525328  64.000000
7469.902963  75.000000
7473.280557  86.000000
7476.658109  52.000000
7480.035621  60.000000
7483.413091  64.000000
7486.790519  79.000000
7490.167907  73.000000
7493.545253  60.000000
7496.922558  62.000000
7500.299822  68.000000
7503.677045  75.000000
7507.054226  55.000000
7510.431366  74.000000
7513.808465  58.000000
7517.185523  69.000000
7520.562539  71.000000
7523.939514  64.000000
7527.316448  84.000000
7530.693341  92.000000
7534.070192  60.000000
7537.447003  80.000000
7540.823772  75.000000
7544.200500  81.000000
7547.577186  72.000000
7550.953832  75.000000
7554.330436  61.000000
7557.706999  76.000000
7561.083521  74.000000
7564.460001  71.000000
7567.836441  68.000000
7571.212839  77.000000
7574.589196  64.000000
7577.965512  60.000000
7581.341786  79.000000
7584.718019  72.000000
7588.094212  65.000000
7591.470362  80.000000
7594.846472  75.000000
7598.222541  77.000000
7601.598568  69.000000
7604.974554  79.000000
7608.350499  73.000000
7611.726403  86.000000
7615.102266  70.000000
7618.478087  80.000000
7621.853867  60.000000
7625.229606  69.000000
7628.605304  73.000000
7631.980961  65.000000
7635.356577  65.000000
7638.732151  76.000000
7642.107684  82.000000
7645.483176  51.000000
7648.858627  64.000000
7652.234037  56.000000
7655.609405  52.000000
7658.984732  76.000000
7662.360019  70.000000
7665.735264  80.000000
7669.110467  65.000000
7672.485630  65.000000
7675.860752  72.000000
7679.235832  59.000000
7682.610871  76.000000
7685.985869  81.000000
7689.360826  69.000000
7692.735742  59.000000
7696.110616  68.000000
7699.485450  78.000000
7702.860242  78.000000
7706.234993  75.000000
7709.609703  90.000000
7712.984372  61.000000
7716.359000  55.000000
7719.733586  66.000000
7723.108132  80.000000
7726.482636  70.000000
7729.857099  69.000000
7733.231521  69.000000
7736.605902  78.000000
7739.980242  79.000000
7743.354540  60.000000
7746.728798  73.000000
7750.103014  88.000000
7753.477190  62.000000
7756.851324  85.000000
7760.225417  73.000000
7763.599469  79.000000
7766.973479  73.000000
7770.347449  62.000000
7773.721377  72.000000
7777.095265  71.000000
7780.469111  54.000000
7783.842916  82.000000
7787.216680  75.000000
7790.590403  78.000000
7793.964085  80.000000
7797.337726  75.000000
7800.711326  77.000000
7804.084884  93.000000
7807.458402  69.000000
7810.831878  70.000000
7814.205313  74.000000
7817.578708  62.000000
7820.952061  61.000000
7824.325373  75.000000
7827.698643  76.000000
7831.071873  59.000000
7834.445062  74.000000
7837.818210  73.000000
7841.191316  64.000000
7844.564381  71.000000
7847.937406  75.000000
7851.310389  96.000000
7854.683331  49.000000
7858.056232  76.000000
7861.429092  70.000000
7864.801911  73.000000
7868.174689  75.000000
7871.547426  71.000000
7874.920122  75.000000
7878.292777  70.000000
7881.665390  75.000000
7885.037963  58.000000
7888.410494  61.000000
7891.782985  66.000000
7895.155434  78.000000
7898.527842  78.000000
7901.900209  78.000000
7905.272536  69.000000
7908.644821  77.000000
7912.017065  59.000000
7915.389268  55.000000
7918.761430  78.000000
7922.133551  79.000000
7925.505630  72.000000
7928.877669  61.000000
7932.249667  72.000000
7935.621624  65.000000
7938.993539  73.000000
7942.365414  69.000000
7945.737248  68.000000
7949.109040  70.000000
7952.480792  78.000000
7955.852502  84.000000
7959.224172  75.000000
7962.595800  75.000000
7965.967388  75.000000
7969.338934  55.000000
7972.710439  65.000000
7976.081904  73.000000
7979.453327  62.000000
7982.824709  68.000000
7986.196050  68.000000
7989.567351  75.000000
7992.938610  75.000000
7996.309828  71.000000
7999.681005  77.000000
8003.052141  65.000000
8006.423236  68.000000
8009.794291  59.000000
8013.165304  83.000000
8016.536276  63.000000
8019.907207  76.000000
8023.278097  80.000000
8026.648946  86.000000
8030.019754  73.000000
8033.390521  71.000000
8036.761247  75.000000
8040.131933  49.000000
8043.502577  72.000000
8046.873180  57.000000
8050.243742  59.000000
8053.614263  77.000000
8056.984743  76.000000
8060.355182  79.000000
8063.725580  81.000000
8067.095938  61.000000
8070.466254  69.000000
8073.836529  67.000000
8077.206763  78.000000
8080.576957  63.000000
8083.947109  67.000000
8087.317220  70.000000
8090.687290  69.000000
8094.057320  86.000000
8097.427308  76.000000
8100.797255  66.000000
8104.167162  65.000000
8107.537027  77.000000
