-101.649236  266.000000
-98.176568  287.000000
-94.703945  279.000000
-91.231367  263.000000
-87.758833  286.000000
-84.286345  292.000000
-80.813901  251.000000
-77.341501  274.000000
-73.869147  278.000000
-70.396838  263.000000
-66.924573  266.000000
-63.452353  289.000000
-59.980178  271.000000
-56.508048  315.000000
-53.035963  278.000000
-49.563922  298.000000
-46.091927  296.000000
-42.619976  273.000000
-39.148070  283.000000
-35.676208  262.000000
-32.204392  304.000000
-28.732620  296.000000
-25.260893  252.000000
-21.789211  287.000000
-18.317574  304.000000
-14.845981  224.000000
-11.374433  282.000000
-7.902931  274.000000
-4.431472  286.000000
-0.960059  281.000000
2.511310  250.000000
5.982633  286.000000
9.453912  288.000000
12.925147  288.000000
16.396336  275.000000
19.867481  247.000000
23.338581  270.000000
26.809636  286.000000
30.280646  266.000000
33.751612  253.000000
37.222533  284.000000
40.693409  250.000000
44.164240  261.000000
47.635027  273.000000
51.105768  251.000000
54.576465  270.000000
58.047118  272.000000
61.517725  282.000000
64.988288  265.000000
68.458806  250.000000
71.929279  292.000000
75.399707  250.000000
78.870091  272.000000
82.340430  288.000000
85.810725  250.000000
89.280974  261.000000
92.751179  271.000000
96.221339  256.000000
99.691454  285.000000
103.161525  262.000000
106.631551  266.000000
110.101532  276.000000
113.571468  266.000000
117.041360  271.000000
120.511207  272.000000
123.981009  277.000000
127.450766  274.000000
130.920479  269.000000
134.390147  265.000000
137.859770  273.000000
141.329349  286.000000
144.798883  269.000000
148.268372  277.000000
151.737817  270.000000
155.207216  265.000000
158.676571  253.000000
162.145882  257.000000
165.615147  255.000000
169.084368  276.000000
172.553544  266.000000
176.022676  268.000000
179.491763  270.000000
182.960805  290.000000
186.429802  276.000000
189.898755  266.000000
193.367663  287.000000
196.836527  281.000000
200.305345  266.000000
203.774119  320.000000
207.242849  289.000000
210.711533  291.000000
214.180173  276.000000
217.648769  283.000000
221.117319  285.000000
224.585825  266.000000
228.054286  277.000000
231.522703  264.000000
234.991075  258.000000
238.459402  295.000000
241.927685  270.000000
245.395923  287.000000
248.864116  266.000000
252.332265  272.000000
255.800368  275.000000
259.268428  269.000000
262.736442  249.000000
266.204412  289.000000
269.672338  282.000000
273.140218  280.000000
276.608054  274.000000
280.075846  315.000000
283.543593  293.000000
287.011295  322.000000
290.478952  249.000000
293.946565  293.000000
297.414133  358.000000
300.881657  405.000000
304.349136  384.000000
307.816570  347.000000
311.283959  312.000000
314.751305  292.000000
318.218605  315.000000
321.685861  274.000000
325.153072  291.000000
328.620238  281.000000
332.087360  297.000000
335.554437  249.000000
339.021470  288.000000
342.488458  273.000000
345.955402  256.000000
349.422300  287.000000
352.889155  263.000000
356.355964  252.000000
359.822729  275.000000
363.289450  255.000000
366.756125  263.000000
370.222757  286.000000
373.689343  264.000000
377.155885  275.000000
380.622382  265.000000
384.088835  308.000000
387.555243  273.000000
391.021607  277.000000
394.487926  302.000000
397.954201  271.000000
401.420430  259.000000
404.886616  261.000000
408.352756  274.000000
411.818852  286.000000
415.284904  273.000000
418.750911  271.000000
422.216873  284.000000
425.682791  292.000000
429.148664  277.000000
432.614493  289.000000
436.080277  287.000000
439.546016  313.000000
443.011711  319.000000
446.477362  337.000000
449.942967  356.000000
453.408529  410.000000
456.874045  609.000000
460.339517  661.000000
463.804945  521.000000
467.270328  514.000000
470.735667  447.000000
474.200961  393.000000
477.666210  349.000000
481.131415  338.000000
484.596575  312.000000
488.061691  324.000000
491.526762  293.000000
494.991789  281.000000
498.456771  282.000000
501.921708  273.000000
505.386601  307.000000
508.851450  289.000000
512.316254  295.000000
515.781013  282.000000
519.245728  288.000000
522.710399  298.000000
526.175024  312.000000
529.639606  263.000000
533.104143  284.000000
536.568635  283.000000
540.033083  262.000000
543.497486  267.000000
546.961845  271.000000
550.426159  248.000000
553.890429  269.000000
557.354654  280.000000
560.818835  275.000000
564.282971  285.000000
567.747063  308.000000
571.211110  247.000000
574.675113  277.000000
578.139071  280.000000
581.602985  303.000000
585.066854  274.000000
588.530678  281.000000
591.994459  264.000000
595.458195  276.000000
598.921886  296.000000
602.385533  252.000000
605.849135  278.000000
609.312693  299.000000
612.776206  285.000000
616.239675  287.000000
619.703099  278.000000
623.166479  248.000000
626.629814  253.000000
630.093105  320.000000
633.556352  298.000000
637.019554  264.000000
640.482711  279.000000
643.945824  279.000000
647.408893  283.000000
650.871917  272.000000
654.334897  265.000000
657.797832  283.000000
661.260723  275.000000
664.723569  280.000000
668.186371  270.000000
671.649128  275.000000
675.111841  276.000000
678.574510  253.000000
682.037134  279.000000
685.499714  299.000000
688.962249  308.000000
692.424739  326.000000
695.887186  310.000000
699.349588  287.000000
702.811945  340.000000
706.274258  320.000000
709.736526  350.000000
713.198751  399.000000
716.660930  420.000000
720.123065  558.000000
723.585156  1048.000000
727.047203  1428.000000
730.509205  1105.000000
733.971162  699.000000
737.433075  566.000000
740.894944  490.000000
744.356768  414.000000
747.818548  349.000000
751.280284  335.000000
754.741975  325.000000
758.203621  315.000000
761.665224  326.000000
765.126781  297.000000
768.588295  291.000000
772.049764  299.000000
775.511189  309.000000
778.972569  276.000000
782.433905  275.000000
785.895196  299.000000
789.356443  316.000000
792.817646  295.000000
796.278804  296.000000
799.739918  311.000000
803.200987  294.000000
806.662012  297.000000
810.122993  278.000000
813.583929  264.000000
817.044821  267.000000
820.505669  281.000000
823.966472  261.000000
827.427231  271.000000
830.887945  257.000000
834.348615  304.000000
837.809241  300.000000
841.269822  252.000000
844.730359  289.000000
848.190852  299.000000
851.651300  303.000000
855.111704  298.000000
858.572064  261.000000
862.032379  273.000000
865.492650  271.000000
868.952876  294.000000
872.413058  279.000000
875.873196  286.000000
879.333289  254.000000
882.793338  260.000000
886.253343  291.000000
889.713303  265.000000
893.173219  292.000000
896.633091  282.000000
900.092918  309.000000
903.552701  288.000000
907.012440  236.000000
910.472134  286.000000
913.931784  280.000000
917.391390  289.000000
920.850951  252.000000
924.310468  292.000000
927.769941  271.000000
931.229369  267.000000
934.688753  279.000000
938.148093  286.000000
941.607388  280.000000
945.066639  278.000000
948.525846  295.000000
951.985009  283.000000
955.444127  270.000000
958.903201  248.000000
962.362230  300.000000
965.821215  286.000000
969.280156  249.000000
972.739053  263.000000
976.197905  259.000000
979.656713  278.000000
983.115477  276.000000
986.574196  281.000000
990.032871  296.000000
993.491502  288.000000
996.950089  268.000000
1000.408631  267.000000
1003.867129  293.000000
1007.325582  299.000000
1010.783992  244.000000
1014.242357  286.000000
1017.700678  292.000000
1021.158954  291.000000
1024.617186  293.000000
1028.075374  246.000000
1031.533518  301.000000
1034.991617  279.000000
1038.449672  234.000000
1041.907683  252.000000
1045.365650  276.000000
1048.823572  288.000000
1052.281450  297.000000
1055.739284  303.000000
1059.197074  283.000000
1062.654819  296.000000
1066.112520  262.000000
1069.570177  266.000000
1073.027789  255.000000
1076.485358  274.000000
1079.942882  303.000000
1083.400361  286.000000
1086.857797  268.000000
1090.315188  273.000000
1093.772535  270.000000
1097.229838  309.000000
1100.687097  286.000000
1104.144311  298.000000
1107.601481  282.000000
1111.058607  261.000000
1114.515688  280.000000
1117.972726  269.000000
1121.429719  278.000000
1124.886668  289.000000
1128.343572  275.000000
1131.800433  307.000000
1135.257249  287.000000
1138.714021  267.000000
1142.170749  300.000000
1145.627433  262.000000
1149.084072  262.000000
1152.540667  265.000000
1155.997218  254.000000
1159.453725  267.000000
1162.910187  298.000000
1166.366605  296.000000
1169.822979  262.000000
1173.279309  263.000000
1176.735595  277.000000
1180.191837  259.000000
1183.648034  271.000000
1187.104187  293.000000
1190.560296  255.000000
1194.016360  253.000000
1197.472381  274.000000
1200.928357  300.000000
1204.384289  298.000000
1207.840177  293.000000
1211.296021  285.000000
1214.751821  269.000000
1218.207576  324.000000
1221.663287  271.000000
1225.118954  282.000000
1228.574577  297.000000
1232.030156  286.000000
1235.485690  285.000000
1238.941180  272.000000
1242.396626  306.000000
1245.852029  240.000000
1249.307386  296.000000
1252.762700  280.000000
1256.217969  301.000000
1259.673195  280.000000
1263.128376  309.000000
1266.583513  304.000000
1270.038606  266.000000
1273.493654  286.000000
1276.948659  250.000000
1280.403619  279.000000
1283.858535  301.000000
6756.305698  277.000000
6759.692030  297.000000
6763.078319  287.000000
6766.464567  301.000000
6769.850774  281.000000
6773.236939  304.000000
6776.623062  291.000000
6780.009144  298.000000
6783.395184  281.000000
6786.781183  264.000000
6790.167140  282.000000
6793.553056  275.000000
6796.938930  293.000000
6800.324762  264.000000
6803.710553  260.000000
6807.096303  266.000000
6810.482010  279.000000
6813.867677  274.000000
6817.253302  273.000000
6820.638885  288.000000
6824.024427  295.000000
6827.409927  320.000000
6830.795385  259.000000
6834.180802  324.000000
6837.566178  278.000000
6840.951512  283.000000
6844.336804  267.000000
6847.722055  266.000000
6851.107265  333.000000
6854.492432  284.000000
6857.877559  285.000000
6861.262643  301.000000
6864.647687  308.000000
6868.032688  319.000000
6871.417649  315.000000
6874.802567  261.000000
6878.187445  323.000000
6881.572280  276.000000
6884.957075  278.000000
6888.341827  278.000000
6891.726538  299.000000
6895.111208  293.000000
6898.495836  303.000000
6901.880423  270.000000
6905.264968  283.000000
6908.649471  290.000000
6912.033934  299.000000
6915.418354  283.000000
6918.802733  260.000000
6922.187071  268.000000
6925.571367  279.000000
6928.955621  278.000000
6932.339835  310.000000
6935.724006  273.000000
6939.108136  322.000000
6942.492225  294.000000
6945.876272  277.000000
6949.260278  287.000000
6952.644242  265.000000
6956.028165  321.000000
6959.412046  324.000000
6962.795886  282.000000
6966.179684  278.000000
6969.563441  281.000000
6972.947156  297.000000
6976.330830  279.000000
6979.714462  286.000000
6983.098053  353.000000
6986.481603  291.000000
6989.865111  287.000000
6993.248577  298.000000
6996.632002  300.000000
7000.015386  281.000000
7003.398728  307.000000
7006.782028  292.000000
7010.165288  281.000000
7013.548505  270.000000
7016.931682  291.000000
7020.314816  285.000000
7023.697910  278.000000
7027.080962  280.000000
7030.463972  284.000000
7033.846941  291.000000
7037.229869  293.000000
7040.612755  312.000000
7043.995600  285.000000
7047.378403  283.000000
7050.761165  287.000000
7054.143885  306.000000
7057.526564  293.000000
7060.909202  299.000000
7064.291798  309.000000
7067.674352  321.000000
7071.056865  357.000000
7074.439337  395.000000
7077.821768  480.000000
7081.204156  435.000000
7084.586504  343.000000
7087.968810  342.000000
7091.351075  310.000000
7094.733298  296.000000
7098.115480  292.000000
7101.497620  308.000000
7104.879719  312.000000
7108.261777  293.000000
7111.643793  305.000000
7115.025767  312.000000
7118.407701  307.000000
7121.789593  332.000000
7125.171443  305.000000
7128.553252  253.000000
7131.935020  303.000000
7135.316746  311.000000
7138.698431  365.000000
7142.080075  457.000000
7145.461677  575.000000
7148.843237  577.000000
7152.224757  574.000000
7155.606235  431.000000
7158.987671  410.000000
7162.369066  389.000000
7165.750420  339.000000
7169.131733  350.000000
7172.513004  329.000000
7175.894233  312.000000
7179.275421  289.000000
7182.656568  303.000000
7186.037674  316.000000
7189.418738  284.000000
7192.799760  341.000000
7196.180742  263.000000
7199.561682  305.000000
7202.942580  284.000000
7206.323437  277.000000
7209.704253  283.000000
7213.085028  289.000000
7216.465761  316.000000
7219.846453  320.000000
7223.227103  281.000000
7226.607712  276.000000
7229.988280  281.000000
7233.368806  269.000000
7236.749291  310.000000
7240.129735  283.000000
7243.510137  320.000000
7246.890498  310.000000
7250.270817  293.000000
7253.651095  319.000000
7257.031332  311.000000
7260.411528  281.000000
7263.791682  297.000000
7267.171795  316.000000
7270.551866  289.000000
7273.931896  299.000000
7277.311885  299.000000
7280.691832  294.000000
7284.071739  313.000000
7287.451603  328.000000
7290.831427  356.000000
7294.211209  313.000000
7297.590950  377.000000
7300.970649  428.000000
7304.350307  443.000000
7307.729924  603.000000
7311.109500  677.000000
7314.489034  484.000000
7317.868527  363.000000
7321.247978  340.000000
7324.627388  313.000000
7328.006757  328.000000
7331.386085  306.000000
7334.765371  339.000000
7338.144616  318.000000
7341.523820  286.000000
7344.902982  296.000000
7348.282103  275.000000
7351.661183  296.000000
7355.040221  324.000000
7358.419218  312.000000
7361.798174  306.000000
7365.177089  288.000000
7368.555962  285.000000
7371.934794  296.000000
7375.313585  294.000000
7378.692334  322.000000
7382.071042  309.000000
7385.449709  304.000000
7388.828334  269.000000
7392.206918  277.000000
7395.585461  297.000000
7398.963963  275.000000
7402.342423  278.000000
7405.720842  301.000000
7409.099220  320.000000
7412.477556  295.000000
7415.855852  284.000000
7419.234106  329.000000
7422.612318  314.000000
7425.990490  287.000000
7429.368620  314.000000
7432.746709  330.000000
7436.124756  291.000000
7439.502763  285.000000
7442.880728  300.000000
7446.258652  342.000000
7449.636534  265.000000
7453.014375  274.000000
7456.392175  296.000000
7459.769934  308.000000
7463.147652  305.000000
7466.525328  312.000000
7469.902963  321.000000
7473.280557  302.000000
7476.658109  271.000000
7480.035621  300.000000
7483.413091  301.000000
7486.790519  270.000000
7490.167907  299.000000
7493.545253  306.000000
7496.922558  320.000000
7500.299822  358.000000
7503.677045  316.000000
7507.054226  322.000000
7510.431366  280.000000
7513.808465  307.000000
7517.185523  288.000000
7520.562539  267.000000
7523.939514  307.000000
7527.316448  278.000000
7530.693341  272.000000
7534.070192  303.000000
7537.447003  277.000000
7540.823772  301.000000
7544.200500  255.000000
7547.577186  302.000000
7550.953832  291.000000
7554.330436  312.000000
7557.706999  279.000000
7561.083521  298.000000
7564.460001  280.000000
7567.836441  258.000000
7571.212839  285.000000
7574.589196  278.000000
7577.965512  320.000000
7581.341786  290.000000
7584.718019  287.000000
7588.094212  293.000000
7591.470362  301.000000
7594.846472  293.000000
7598.222541  333.000000
7601.598568  312.000000
7604.974554  274.000000
7608.350499  297.000000
7611.726403  281.000000
7615.102266  291.000000
7618.478087  302.000000
7621.853867  279.000000
7625.229606  297.000000
7628.605304  331.000000
7631.980961  290.000000
7635.356577  261.000000
7638.732151  291.000000
7642.107684  313.000000
7645.483176  304.000000
7648.858627  284.000000
7652.234037  319.000000
7655.609405  302.000000
7658.984732  284.000000
7662.360019  309.000000
7665.735264  279.000000
7669.110467  282.000000
7672.485630  289.000000
7675.860752  304.000000
7679.235832  273.000000
7682.610871  298.000000
7685.985869  278.000000
7689.360826  285.000000
7692.735742  275.000000
7696.110616  275.000000
7699.485450  298.000000
7702.860242  316.000000
7706.234993  329.000000
7709.609703  300.000000
7712.984372  303.000000
7716.359000  266.000000
7719.733586  289.000000
7723.108132  256.000000
7726.482636  280.000000
7729.857099  299.000000
7733.231521  293.000000
7736.605902  310.000000
7739.980242  323.000000
7743.354540  257.000000
7746.728798  271.000000
7750.103014  285.000000
7753.477190  299.000000
7756.851324  279.000000
7760.225417  263.000000
7763.599469  281.000000
7766.973479  277.000000
7770.347449  293.000000
7773.721377  280.000000
7777.095265  259.000000
7780.469111  319.000000
7783.842916  283.000000
7787.216680  307.000000
7790.590403  306.000000
7793.964085  294.000000
7797.337726  321.000000
7800.711326  273.000000
7804.084884  331.000000
7807.458402  308.000000
7810.831878  306.000000
7814.205313  276.000000
7817.578708  286.000000
7820.952061  281.000000
7824.325373  300.000000
7827.698643  312.000000
7831.071873  295.000000
7834.445062  306.000000
7837.818210  271.000000
7841.191316  312.000000
7844.564381  296.000000
7847.937406  273.000000
7851.310389  312.000000
7854.683331  307.000000
7858.056232  290.000000
7861.429092  303.000000
7864.801911  256.000000
7868.174689  299.000000
7871.547426  285.000000
7874.920122  308.000000
7878.292777  283.000000
7881.665390  298.000000
7885.037963  298.000000
7888.410494  293.000000
7891.782985  278.000000
7895.155434  283.000000
7898.527842  269.000000
7901.900209  293.000000
7905.272536  340.000000
7908.644821  275.000000
7912.017065  289.000000
7915.389268  291.000000
7918.761430  293.000000
7922.133551  299.000000
7925.505630  282.000000
7928.877669  248.000000
7932.249667  297.000000
7935.621624  318.000000
7938.993539  324.000000
7942.365414  297.000000
7945.737248  324.000000
7949.109040  305.000000
7952.480792  299.000000
7955.852502  281.000000
7959.224172  308.000000
7962.595800  303.000000
7965.967388  289.000000
7969.338934  310.000000
7972.710439  304.000000
7976.081904  298.000000
7979.453327  296.000000
7982.824709  275.000000
7986.196050  285.000000
7989.567351  270.000000
7992.938610  296.000000
7996.309828  295.000000
7999.681005  282.000000
8003.052141  282.000000
8006.423236  274.000000
8009.794291  277.000000
8013.165304  304.000000
8016.536276  288.000000
8019.907207  309.000000
8023.278097  291.000000
8026.648946  297.000000
8030.019754  330.000000
8033.390521  275.000000
8036.761247  289.000000
8040.131933  282.000000
8043.502577  309.000000
8046.873180  319.000000
8050.243742  313.000000
8053.614263  286.000000
8056.984743  268.000000
8060.355182  269.000000
8063.725580  294.000000
8067.095938  282.000000
8070.466254  281.000000
8073.836529  280.000000
8077.206763  283.000000
8080.576957  264.000000
8083.947109  315.000000
8087.317220  311.000000
8090.687290  267.000000
8094.057320  296.000000
8097.427308  269.000000
8100.797255  254.000000
8104.167162  292.000000
8107.537027  270.000000
