6756.305698 158.000000 
6759.692030 159.000000 
6763.078319 187.000000 
6766.464567 163.000000 
6769.850774 172.000000 
6773.236939 159.000000 
6776.623062 171.000000 
6780.009144 163.000000 
6783.395184 159.000000 
6786.781183 167.000000 
6790.167140 165.000000 
6793.553056 173.000000 
6796.938930 183.000000 
6800.324762 142.000000 
6803.710553 180.000000 
6807.096303 181.000000 
6810.482010 162.000000 
6813.867677 154.000000 
6817.253302 160.000000 
6820.638885 159.000000 
6824.024427 172.000000 
6827.409927 175.000000 
6830.795385 175.000000 
6834.180802 170.000000 
6837.566178 153.000000 
6840.951512 177.000000 
6844.336804 165.000000 
6847.722055 164.000000 
6851.107265 169.000000 
6854.492432 177.000000 
6857.877559 169.000000 
6861.262643 170.000000 
6864.647687 169.000000 
6868.032688 181.000000 
6871.417649 148.000000 
6874.802567 150.000000 
6878.187445 196.000000 
6881.572280 177.000000 
6884.957075 163.000000 
6888.341827 164.000000 
6891.726538 167.000000 
6895.111208 167.000000 
6898.495836 175.000000 
6901.880423 157.000000 
6905.264968 166.000000 
6908.649471 157.000000 
6912.033934 179.000000 
6915.418354 169.000000 
6918.802733 174.000000 
6922.187071 172.000000 
6925.571367 153.000000 
6928.955621 141.000000 
6932.339835 177.000000 
6935.724006 158.000000 
6939.108136 161.000000 
6942.492225 149.000000 
6945.876272 170.000000 
6949.260278 165.000000 
6952.644242 166.000000 
6956.028165 167.000000 
6959.412046 151.000000 
6962.795886 154.000000 
6966.179684 159.000000 
6969.563441 178.000000 
6972.947156 167.000000 
6976.330830 184.000000 
6979.714462 154.000000 
6983.098053 173.000000 
6986.481603 166.000000 
6989.865111 159.000000 
6993.248577 147.000000 
6996.632002 171.000000 
7000.015386 176.000000 
7003.398728 159.000000 
7006.782028 161.000000 
7010.165288 166.000000 
7013.548505 174.000000 
7016.931682 177.000000 
7020.314816 165.000000 
7023.697910 151.000000 
7027.080962 175.000000 
7030.463972 152.000000 
7033.846941 176.000000 
7037.229869 175.000000 
7040.612755 172.000000 
7043.995600 176.000000 
7047.378403 166.000000 
7050.761165 180.000000 
7054.143885 170.000000 
7057.526564 162.000000 
7060.909202 187.000000 
7064.291798 180.000000 
7067.674352 191.000000 
7071.056865 184.000000 
7074.439337 243.000000 
7077.821768 256.000000 
7081.204156 272.000000 
7084.586504 203.000000 
7087.968810 214.000000 
7091.351075 177.000000 
7094.733298 182.000000 
7098.115480 184.000000 
7101.497620 178.000000 
7104.879719 156.000000 
7108.261777 172.000000 
7111.643793 169.000000 
7115.025767 155.000000 
7118.407701 154.000000 
7121.789593 145.000000 
7125.171443 171.000000 
7128.553252 174.000000 
7131.935020 173.000000 
7135.316746 167.000000 
7138.698431 184.000000 
7142.080075 231.000000 
7145.461677 236.000000 
7148.843237 328.000000 
7152.224757 356.000000 
7155.606235 285.000000 
7158.987671 249.000000 
7162.369066 253.000000 
7165.750420 206.000000 
7169.131733 186.000000 
7172.513004 153.000000 
7175.894233 183.000000 
7179.275421 178.000000 
7182.656568 186.000000 
7186.037674 172.000000 
7189.418738 142.000000 
7192.799760 159.000000 
7196.180742 158.000000 
7199.561682 170.000000 
7202.942580 179.000000 
7206.323437 154.000000 
7209.704253 178.000000 
7213.085028 157.000000 
7216.465761 154.000000 
7219.846453 147.000000 
7223.227103 171.000000 
7226.607712 171.000000 
7229.988280 188.000000 
7233.368806 175.000000 
7236.749291 166.000000 
7240.129735 165.000000 
7243.510137 161.000000 
7246.890498 168.000000 
7250.270817 179.000000 
7253.651095 209.000000 
7257.031332 188.000000 
7260.411528 169.000000 
7263.791682 149.000000 
7267.171795 153.000000 
7270.551866 173.000000 
7273.931896 177.000000 
7277.311885 175.000000 
7280.691832 183.000000 
7284.071739 170.000000 
7287.451603 176.000000 
7290.831427 177.000000 
7294.211209 185.000000 
7297.590950 201.000000 
7300.970649 266.000000 
7304.350307 347.000000 
7307.729924 331.000000 
7311.109500 328.000000 
7314.489034 336.000000 
7317.868527 240.000000 
7321.247978 180.000000 
7324.627388 214.000000 
7328.006757 173.000000 
7331.386085 202.000000 
7334.765371 157.000000 
7338.144616 156.000000 
7341.523820 188.000000 
7344.902982 160.000000 
7348.282103 149.000000 
7351.661183 169.000000 
7355.040221 150.000000 
7358.419218 144.000000 
7361.798174 189.000000 
7365.177089 146.000000 
7368.555962 168.000000 
7371.934794 147.000000 
7375.313585 160.000000 
7378.692334 182.000000 
7382.071042 163.000000 
7385.449709 169.000000 
7388.828334 161.000000 
7392.206918 155.000000 
7395.585461 160.000000 
7398.963963 170.000000 
7402.342423 179.000000 
7405.720842 166.000000 
7409.099220 145.000000 
7412.477556 157.000000 
7415.855852 173.000000 
7419.234106 167.000000 
7422.612318 193.000000 
7425.990490 175.000000 
7429.368620 160.000000 
7432.746709 164.000000 
7436.124756 135.000000 
7439.502763 138.000000 
7442.880728 167.000000 
7446.258652 183.000000 
7449.636534 182.000000 
7453.014375 153.000000 
7456.392175 155.000000 
7459.769934 169.000000 
7463.147652 168.000000 
7466.525328 167.000000 
7469.902963 167.000000 
7473.280557 164.000000 
7476.658109 160.000000 
7480.035621 156.000000 
7483.413091 160.000000 
7486.790519 187.000000 
7490.167907 177.000000 
7493.545253 163.000000 
7496.922558 171.000000 
7500.299822 174.000000 
7503.677045 160.000000 
7507.054226 152.000000 
7510.431366 162.000000 
7513.808465 168.000000 
7517.185523 157.000000 
7520.562539 136.000000 
7523.939514 152.000000 
7527.316448 171.000000 
7530.693341 177.000000 
7534.070192 158.000000 
7537.447003 156.000000 
7540.823772 168.000000 
7544.200500 172.000000 
7547.577186 170.000000 
7550.953832 175.000000 
7554.330436 168.000000 
7557.706999 179.000000 
7561.083521 178.000000 
7564.460001 200.000000 
7567.836441 153.000000 
7571.212839 154.000000 
7574.589196 177.000000 
7577.965512 160.000000 
7581.341786 157.000000 
7584.718019 188.000000 
7588.094212 170.000000 
7591.470362 169.000000 
7594.846472 173.000000 
7598.222541 180.000000 
7601.598568 178.000000 
7604.974554 149.000000 
7608.350499 163.000000 
7611.726403 134.000000 
7615.102266 159.000000 
7618.478087 170.000000 
7621.853867 172.000000 
7625.229606 162.000000 
7628.605304 148.000000 
7631.980961 162.000000 
7635.356577 146.000000 
7638.732151 163.000000 
7642.107684 177.000000 
7645.483176 173.000000 
7648.858627 158.000000 
7652.234037 172.000000 
7655.609405 146.000000 
7658.984732 151.000000 
7662.360019 162.000000 
7665.735264 155.000000 
7669.110467 153.000000 
7672.485630 177.000000 
7675.860752 167.000000 
7679.235832 169.000000 
7682.610871 160.000000 
7685.985869 183.000000 
7689.360826 155.000000 
7692.735742 165.000000 
7696.110616 165.000000 
7699.485450 145.000000 
7702.860242 180.000000 
7706.234993 176.000000 
7709.609703 159.000000 
7712.984372 165.000000 
7716.359000 161.000000 
7719.733586 159.000000 
7723.108132 150.000000 
7726.482636 171.000000 
7729.857099 175.000000 
7733.231521 155.000000 
7736.605902 165.000000 
7739.980242 151.000000 
7743.354540 149.000000 
7746.728798 166.000000 
7750.103014 156.000000 
7753.477190 181.000000 
7756.851324 171.000000 
7760.225417 155.000000 
7763.599469 170.000000 
7766.973479 170.000000 
7770.347449 167.000000 
7773.721377 172.000000 
7777.095265 164.000000 
7780.469111 130.000000 
7783.842916 156.000000 
7787.216680 169.000000 
7790.590403 188.000000 
7793.964085 159.000000 
7797.337726 164.000000 
7800.711326 152.000000 
7804.084884 168.000000 
7807.458402 183.000000 
7810.831878 166.000000 
7814.205313 149.000000 
7817.578708 164.000000 
7820.952061 170.000000 
7824.325373 145.000000 
7827.698643 159.000000 
7831.071873 145.000000 
7834.445062 162.000000 
7837.818210 141.000000 
7841.191316 183.000000 
7844.564381 143.000000 
7847.937406 153.000000 
7851.310389 171.000000 
7854.683331 145.000000 
7858.056232 170.000000 
7861.429092 140.000000 
7864.801911 159.000000 
7868.174689 158.000000 
7871.547426 152.000000 
7874.920122 166.000000 
7878.292777 181.000000 
7881.665390 170.000000 
7885.037963 168.000000 
7888.410494 164.000000 
7891.782985 186.000000 
7895.155434 166.000000 
7898.527842 181.000000 
7901.900209 156.000000 
7905.272536 184.000000 
7908.644821 144.000000 
7912.017065 153.000000 
7915.389268 133.000000 
7918.761430 170.000000 
7922.133551 165.000000 
7925.505630 179.000000 
7928.877669 175.000000 
7932.249667 170.000000 
7935.621624 149.000000 
7938.993539 153.000000 
7942.365414 165.000000 
7945.737248 169.000000 
7949.109040 170.000000 
7952.480792 164.000000 
7955.852502 149.000000 
7959.224172 150.000000 
7962.595800 160.000000 
7965.967388 160.000000 
7969.338934 154.000000 
7972.710439 152.000000 
7976.081904 135.000000 
7979.453327 168.000000 
7982.824709 151.000000 
7986.196050 173.000000 
7989.567351 140.000000 
7992.938610 151.000000 
7996.309828 156.000000 
7999.681005 148.000000 
8003.052141 162.000000 
8006.423236 142.000000 
8009.794291 146.000000 
8013.165304 161.000000 
8016.536276 154.000000 
8019.907207 156.000000 
8023.278097 174.000000 
8026.648946 160.000000 
8030.019754 163.000000 
8033.390521 173.000000 
8036.761247 158.000000 
8040.131933 167.000000 
8043.502577 154.000000 
8046.873180 154.000000 
8050.243742 172.000000 
8053.614263 186.000000 
8056.984743 160.000000 
8060.355182 171.000000 
8063.725580 171.000000 
8067.095938 152.000000 
8070.466254 144.000000 
8073.836529 183.000000 
8077.206763 175.000000 
8080.576957 169.000000 
8083.947109 153.000000 
8087.317220 161.000000 
8090.687290 152.000000 
8094.057320 160.000000 
8097.427308 153.000000 
8100.797255 163.000000 
8104.167162 175.000000 
8107.537027 172.000000 
