-101.649236 1039.000000 
-98.176568 955.000000 
-94.703945 1018.000000 
-91.231367 1070.000000 
-87.758833 1026.000000 
-84.286345 1051.000000 
-80.813901 1058.000000 
-77.341501 1023.000000 
-73.869147 1041.000000 
-70.396838 1051.000000 
-66.924573 974.000000 
-63.452353 1069.000000 
-59.980178 1019.000000 
-56.508048 1041.000000 
-53.035963 1015.000000 
-49.563922 1082.000000 
-46.091927 1005.000000 
-42.619976 996.000000 
-39.148070 988.000000 
-35.676208 1075.000000 
-32.204392 1034.000000 
-28.732620 1077.000000 
-25.260893 1036.000000 
-21.789211 999.000000 
-18.317574 1012.000000 
-14.845981 1069.000000 
-11.374433 1044.000000 
-7.902931 1016.000000 
-4.431472 1016.000000 
-0.960059 1026.000000 
2.511310 994.000000 
5.982633 1024.000000 
9.453912 1026.000000 
12.925147 948.000000 
16.396336 1010.000000 
19.867481 982.000000 
23.338581 1040.000000 
26.809636 1048.000000 
30.280646 1031.000000 
33.751612 953.000000 
37.222533 1035.000000 
40.693409 1031.000000 
44.164240 929.000000 
47.635027 1031.000000 
51.105768 1032.000000 
54.576465 1063.000000 
58.047118 1033.000000 
61.517725 1008.000000 
64.988288 1037.000000 
68.458806 1039.000000 
71.929279 1009.000000 
75.399707 1016.000000 
78.870091 1057.000000 
82.340430 1035.000000 
85.810725 952.000000 
89.280974 987.000000 
92.751179 999.000000 
96.221339 994.000000 
99.691454 1039.000000 
103.161525 986.000000 
106.631551 1032.000000 
110.101532 1063.000000 
113.571468 1017.000000 
117.041360 977.000000 
120.511207 1003.000000 
123.981009 1034.000000 
127.450766 999.000000 
130.920479 1024.000000 
134.390147 1012.000000 
137.859770 1037.000000 
141.329349 1004.000000 
144.798883 942.000000 
148.268372 977.000000 
151.737817 1002.000000 
155.207216 1029.000000 
158.676571 1007.000000 
162.145882 1008.000000 
165.615147 998.000000 
169.084368 999.000000 
172.553544 1000.000000 
176.022676 987.000000 
179.491763 940.000000 
182.960805 991.000000 
186.429802 1020.000000 
189.898755 1027.000000 
193.367663 988.000000 
196.836527 1014.000000 
200.305345 1013.000000 
203.774119 999.000000 
207.242849 1021.000000 
210.711533 993.000000 
214.180173 991.000000 
217.648769 1055.000000 
221.117319 1039.000000 
224.585825 983.000000 
228.054286 925.000000 
231.522703 1043.000000 
234.991075 971.000000 
238.459402 1027.000000 
241.927685 1025.000000 
245.395923 1009.000000 
248.864116 1033.000000 
252.332265 980.000000 
255.800368 959.000000 
259.268428 972.000000 
262.736442 1050.000000 
266.204412 952.000000 
269.672338 997.000000 
273.140218 1061.000000 
276.608054 1027.000000 
280.075846 1019.000000 
283.543593 1009.000000 
287.011295 1084.000000 
290.478952 969.000000 
293.946565 1120.000000 
297.414133 1241.000000 
300.881657 1315.000000 
304.349136 1224.000000 
307.816570 1165.000000 
311.283959 1185.000000 
314.751305 1073.000000 
318.218605 1085.000000 
321.685861 1054.000000 
325.153072 1060.000000 
328.620238 1056.000000 
332.087360 1038.000000 
335.554437 1010.000000 
339.021470 1064.000000 
342.488458 987.000000 
345.955402 1051.000000 
349.422300 1083.000000 
352.889155 1007.000000 
356.355964 1067.000000 
359.822729 1057.000000 
363.289450 1020.000000 
366.756125 1038.000000 
370.222757 992.000000 
373.689343 1065.000000 
377.155885 1019.000000 
380.622382 949.000000 
384.088835 964.000000 
387.555243 991.000000 
391.021607 993.000000 
394.487926 1004.000000 
397.954201 1108.000000 
401.420430 1053.000000 
404.886616 994.000000 
408.352756 1016.000000 
411.818852 997.000000 
415.284904 976.000000 
418.750911 994.000000 
422.216873 1091.000000 
425.682791 995.000000 
429.148664 999.000000 
432.614493 992.000000 
436.080277 1007.000000 
439.546016 1074.000000 
443.011711 1132.000000 
446.477362 1124.000000 
449.942967 1156.000000 
453.408529 1361.000000 
456.874045 1746.000000 
460.339517 1944.000000 
463.804945 1884.000000 
467.270328 1598.000000 
470.735667 1407.000000 
474.200961 1267.000000 
477.666210 1186.000000 
481.131415 1056.000000 
484.596575 1090.000000 
488.061691 1106.000000 
491.526762 1097.000000 
494.991789 1017.000000 
498.456771 1073.000000 
501.921708 1034.000000 
505.386601 1056.000000 
508.851450 1038.000000 
512.316254 1062.000000 
515.781013 1009.000000 
519.245728 1034.000000 
522.710399 1005.000000 
526.175024 1031.000000 
529.639606 977.000000 
533.104143 1018.000000 
536.568635 993.000000 
540.033083 1052.000000 
543.497486 1034.000000 
546.961845 966.000000 
550.426159 1011.000000 
553.890429 992.000000 
557.354654 1027.000000 
560.818835 967.000000 
564.282971 1005.000000 
567.747063 1016.000000 
571.211110 1037.000000 
574.675113 1003.000000 
578.139071 1003.000000 
581.602985 1018.000000 
585.066854 991.000000 
588.530678 1009.000000 
591.994459 1011.000000 
595.458195 1024.000000 
598.921886 1018.000000 
602.385533 982.000000 
605.849135 1029.000000 
609.312693 1033.000000 
612.776206 988.000000 
616.239675 959.000000 
619.703099 1028.000000 
623.166479 994.000000 
626.629814 994.000000 
630.093105 960.000000 
633.556352 979.000000 
637.019554 1017.000000 
640.482711 951.000000 
643.945824 993.000000 
647.408893 1077.000000 
650.871917 985.000000 
654.334897 987.000000 
657.797832 980.000000 
661.260723 1009.000000 
664.723569 996.000000 
668.186371 1004.000000 
671.649128 1031.000000 
675.111841 1037.000000 
678.574510 995.000000 
682.037134 1005.000000 
685.499714 1074.000000 
688.962249 1066.000000 
692.424739 980.000000 
695.887186 1050.000000 
699.349588 1056.000000 
702.811945 1069.000000 
706.274258 1124.000000 
709.736526 1186.000000 
713.198751 1366.000000 
716.660930 1787.000000 
720.123065 2648.000000 
723.585156 4129.000000 
727.047203 3878.000000 
730.509205 2820.000000 
733.971162 2184.000000 
737.433075 1901.000000 
740.894944 1798.000000 
744.356768 1589.000000 
747.818548 1430.000000 
751.280284 1186.000000 
754.741975 1260.000000 
758.203621 1203.000000 
761.665224 1039.000000 
765.126781 1071.000000 
768.588295 1008.000000 
772.049764 1035.000000 
775.511189 1061.000000 
778.972569 1013.000000 
782.433905 1003.000000 
785.895196 1034.000000 
789.356443 1026.000000 
792.817646 1068.000000 
796.278804 1033.000000 
799.739918 1001.000000 
803.200987 1024.000000 
806.662012 1020.000000 
810.122993 1005.000000 
813.583929 1013.000000 
817.044821 971.000000 
820.505669 990.000000 
823.966472 963.000000 
827.427231 991.000000 
830.887945 1006.000000 
834.348615 1002.000000 
837.809241 1016.000000 
841.269822 999.000000 
844.730359 972.000000 
848.190852 955.000000 
851.651300 992.000000 
855.111704 993.000000 
858.572064 992.000000 
862.032379 978.000000 
865.492650 986.000000 
868.952876 994.000000 
872.413058 1005.000000 
875.873196 962.000000 
879.333289 1021.000000 
882.793338 998.000000 
886.253343 958.000000 
889.713303 1003.000000 
893.173219 988.000000 
896.633091 946.000000 
900.092918 946.000000 
903.552701 1015.000000 
907.012440 1035.000000 
910.472134 1006.000000 
913.931784 990.000000 
917.391390 1005.000000 
920.850951 983.000000 
924.310468 1043.000000 
927.769941 980.000000 
931.229369 945.000000 
934.688753 1019.000000 
938.148093 1038.000000 
941.607388 976.000000 
945.066639 965.000000 
948.525846 993.000000 
951.985009 1017.000000 
955.444127 992.000000 
958.903201 1041.000000 
962.362230 967.000000 
965.821215 965.000000 
969.280156 937.000000 
972.739053 1016.000000 
976.197905 978.000000 
979.656713 1038.000000 
983.115477 979.000000 
986.574196 968.000000 
990.032871 942.000000 
993.491502 1039.000000 
996.950089 1043.000000 
1000.408631 964.000000 
1003.867129 917.000000 
1007.325582 1029.000000 
1010.783992 980.000000 
1014.242357 996.000000 
1017.700678 966.000000 
1021.158954 983.000000 
1024.617186 978.000000 
1028.075374 978.000000 
1031.533518 1026.000000 
1034.991617 972.000000 
1038.449672 978.000000 
1041.907683 1045.000000 
1045.365650 969.000000 
1048.823572 953.000000 
1052.281450 896.000000 
1055.739284 1034.000000 
1059.197074 982.000000 
1062.654819 1000.000000 
1066.112520 935.000000 
1069.570177 943.000000 
1073.027789 967.000000 
1076.485358 969.000000 
1079.942882 989.000000 
1083.400361 935.000000 
1086.857797 983.000000 
1090.315188 984.000000 
1093.772535 1022.000000 
1097.229838 971.000000 
1100.687097 1037.000000 
1104.144311 1029.000000 
1107.601481 1021.000000 
1111.058607 971.000000 
1114.515688 919.000000 
1117.972726 967.000000 
1121.429719 1018.000000 
1124.886668 990.000000 
1128.343572 1017.000000 
1131.800433 974.000000 
1135.257249 975.000000 
1138.714021 986.000000 
1142.170749 909.000000 
1145.627433 977.000000 
1149.084072 972.000000 
1152.540667 990.000000 
1155.997218 1022.000000 
1159.453725 966.000000 
1162.910187 1080.000000 
1166.366605 968.000000 
1169.822979 1010.000000 
1173.279309 938.000000 
1176.735595 989.000000 
1180.191837 978.000000 
1183.648034 952.000000 
1187.104187 968.000000 
1190.560296 965.000000 
1194.016360 1009.000000 
1197.472381 986.000000 
1200.928357 962.000000 
1204.384289 1006.000000 
1207.840177 960.000000 
1211.296021 991.000000 
1214.751821 960.000000 
1218.207576 970.000000 
1221.663287 985.000000 
1225.118954 1010.000000 
1228.574577 980.000000 
1232.030156 1001.000000 
1235.485690 1047.000000 
1238.941180 1005.000000 
1242.396626 976.000000 
1245.852029 1003.000000 
1249.307386 986.000000 
1252.762700 927.000000 
1256.217969 990.000000 
1259.673195 991.000000 
1263.128376 967.000000 
1266.583513 990.000000 
1270.038606 1036.000000 
1273.493654 1042.000000 
1276.948659 972.000000 
1280.403619 930.000000 
1283.858535 975.000000 
