-101.649236 265.000000 
-98.176568 290.000000 
-94.703945 278.000000 
-91.231367 267.000000 
-87.758833 275.000000 
-84.286345 281.000000 
-80.813901 290.000000 
-77.341501 310.000000 
-73.869147 286.000000 
-70.396838 260.000000 
-66.924573 275.000000 
-63.452353 301.000000 
-59.980178 300.000000 
-56.508048 282.000000 
-53.035963 242.000000 
-49.563922 290.000000 
-46.091927 290.000000 
-42.619976 283.000000 
-39.148070 278.000000 
-35.676208 245.000000 
-32.204392 325.000000 
-28.732620 292.000000 
-25.260893 303.000000 
-21.789211 273.000000 
-18.317574 296.000000 
-14.845981 277.000000 
-11.374433 282.000000 
-7.902931 277.000000 
-4.431472 296.000000 
-0.960059 271.000000 
2.511310 275.000000 
5.982633 293.000000 
9.453912 277.000000 
12.925147 278.000000 
16.396336 267.000000 
19.867481 293.000000 
23.338581 288.000000 
26.809636 257.000000 
30.280646 269.000000 
33.751612 263.000000 
37.222533 249.000000 
40.693409 305.000000 
44.164240 294.000000 
47.635027 271.000000 
51.105768 303.000000 
54.576465 296.000000 
58.047118 277.000000 
61.517725 281.000000 
64.988288 291.000000 
68.458806 307.000000 
71.929279 290.000000 
75.399707 274.000000 
78.870091 290.000000 
82.340430 313.000000 
85.810725 260.000000 
89.280974 321.000000 
92.751179 291.000000 
96.221339 289.000000 
99.691454 268.000000 
103.161525 304.000000 
106.631551 284.000000 
110.101532 305.000000 
113.571468 290.000000 
117.041360 289.000000 
120.511207 275.000000 
123.981009 305.000000 
127.450766 299.000000 
130.920479 265.000000 
134.390147 307.000000 
137.859770 313.000000 
141.329349 282.000000 
144.798883 284.000000 
148.268372 286.000000 
151.737817 281.000000 
155.207216 303.000000 
158.676571 285.000000 
162.145882 314.000000 
165.615147 270.000000 
169.084368 276.000000 
172.553544 303.000000 
176.022676 298.000000 
179.491763 303.000000 
182.960805 283.000000 
186.429802 284.000000 
189.898755 320.000000 
193.367663 282.000000 
196.836527 311.000000 
200.305345 299.000000 
203.774119 326.000000 
207.242849 289.000000 
210.711533 310.000000 
214.180173 293.000000 
217.648769 278.000000 
221.117319 314.000000 
224.585825 282.000000 
228.054286 303.000000 
231.522703 297.000000 
234.991075 268.000000 
238.459402 315.000000 
241.927685 329.000000 
245.395923 278.000000 
248.864116 258.000000 
252.332265 308.000000 
255.800368 266.000000 
259.268428 283.000000 
262.736442 263.000000 
266.204412 272.000000 
269.672338 291.000000 
273.140218 297.000000 
276.608054 282.000000 
280.075846 331.000000 
283.543593 290.000000 
287.011295 295.000000 
290.478952 303.000000 
293.946565 298.000000 
297.414133 352.000000 
300.881657 331.000000 
304.349136 350.000000 
307.816570 337.000000 
311.283959 318.000000 
314.751305 334.000000 
318.218605 300.000000 
321.685861 276.000000 
325.153072 298.000000 
328.620238 287.000000 
332.087360 267.000000 
335.554437 283.000000 
339.021470 279.000000 
342.488458 316.000000 
345.955402 277.000000 
349.422300 290.000000 
352.889155 306.000000 
356.355964 301.000000 
359.822729 305.000000 
363.289450 275.000000 
366.756125 286.000000 
370.222757 285.000000 
373.689343 310.000000 
377.155885 300.000000 
380.622382 308.000000 
384.088835 310.000000 
387.555243 322.000000 
391.021607 290.000000 
394.487926 281.000000 
397.954201 317.000000 
401.420430 288.000000 
404.886616 298.000000 
408.352756 293.000000 
411.818852 288.000000 
415.284904 301.000000 
418.750911 320.000000 
422.216873 285.000000 
425.682791 268.000000 
429.148664 278.000000 
432.614493 318.000000 
436.080277 314.000000 
439.546016 326.000000 
443.011711 286.000000 
446.477362 332.000000 
449.942967 357.000000 
453.408529 416.000000 
456.874045 453.000000 
460.339517 554.000000 
463.804945 449.000000 
467.270328 354.000000 
470.735667 351.000000 
474.200961 328.000000 
477.666210 336.000000 
481.131415 309.000000 
484.596575 308.000000 
488.061691 284.000000 
491.526762 296.000000 
494.991789 341.000000 
498.456771 295.000000 
501.921708 286.000000 
505.386601 293.000000 
508.851450 286.000000 
512.316254 288.000000 
515.781013 291.000000 
519.245728 296.000000 
522.710399 279.000000 
526.175024 277.000000 
529.639606 279.000000 
533.104143 292.000000 
536.568635 314.000000 
540.033083 292.000000 
543.497486 289.000000 
546.961845 272.000000 
550.426159 296.000000 
553.890429 281.000000 
557.354654 296.000000 
560.818835 338.000000 
564.282971 297.000000 
567.747063 282.000000 
571.211110 262.000000 
574.675113 311.000000 
578.139071 305.000000 
581.602985 295.000000 
585.066854 289.000000 
588.530678 292.000000 
591.994459 274.000000 
595.458195 268.000000 
598.921886 308.000000 
602.385533 298.000000 
605.849135 329.000000 
609.312693 296.000000 
612.776206 304.000000 
616.239675 272.000000 
619.703099 298.000000 
623.166479 306.000000 
626.629814 313.000000 
630.093105 291.000000 
633.556352 306.000000 
637.019554 305.000000 
640.482711 299.000000 
643.945824 294.000000 
647.408893 305.000000 
650.871917 294.000000 
654.334897 296.000000 
657.797832 297.000000 
661.260723 290.000000 
664.723569 306.000000 
668.186371 296.000000 
671.649128 309.000000 
675.111841 283.000000 
678.574510 302.000000 
682.037134 270.000000 
685.499714 292.000000 
688.962249 301.000000 
692.424739 298.000000 
695.887186 334.000000 
699.349588 278.000000 
702.811945 276.000000 
706.274258 356.000000 
709.736526 400.000000 
713.198751 374.000000 
716.660930 449.000000 
720.123065 599.000000 
723.585156 857.000000 
727.047203 881.000000 
730.509205 677.000000 
733.971162 522.000000 
737.433075 453.000000 
740.894944 378.000000 
744.356768 346.000000 
747.818548 344.000000 
751.280284 341.000000 
754.741975 324.000000 
758.203621 342.000000 
761.665224 305.000000 
765.126781 284.000000 
768.588295 328.000000 
772.049764 294.000000 
775.511189 291.000000 
778.972569 308.000000 
782.433905 309.000000 
785.895196 307.000000 
789.356443 309.000000 
792.817646 304.000000 
796.278804 296.000000 
799.739918 303.000000 
803.200987 298.000000 
806.662012 254.000000 
810.122993 318.000000 
813.583929 265.000000 
817.044821 269.000000 
820.505669 280.000000 
823.966472 309.000000 
827.427231 287.000000 
830.887945 262.000000 
834.348615 317.000000 
837.809241 295.000000 
841.269822 286.000000 
844.730359 318.000000 
848.190852 271.000000 
851.651300 281.000000 
855.111704 286.000000 
858.572064 306.000000 
862.032379 287.000000 
865.492650 279.000000 
868.952876 311.000000 
872.413058 292.000000 
875.873196 273.000000 
879.333289 315.000000 
882.793338 308.000000 
886.253343 285.000000 
889.713303 306.000000 
893.173219 277.000000 
896.633091 281.000000 
900.092918 313.000000 
903.552701 310.000000 
907.012440 314.000000 
910.472134 288.000000 
913.931784 311.000000 
917.391390 289.000000 
920.850951 283.000000 
924.310468 296.000000 
927.769941 289.000000 
931.229369 276.000000 
934.688753 308.000000 
938.148093 304.000000 
941.607388 291.000000 
945.066639 313.000000 
948.525846 283.000000 
951.985009 299.000000 
955.444127 278.000000 
958.903201 309.000000 
962.362230 288.000000 
965.821215 315.000000 
969.280156 287.000000 
972.739053 324.000000 
976.197905 313.000000 
979.656713 280.000000 
983.115477 283.000000 
986.574196 305.000000 
990.032871 271.000000 
993.491502 284.000000 
996.950089 296.000000 
1000.408631 282.000000 
1003.867129 309.000000 
1007.325582 261.000000 
1010.783992 287.000000 
1014.242357 295.000000 
1017.700678 278.000000 
1021.158954 264.000000 
1024.617186 295.000000 
1028.075374 301.000000 
1031.533518 308.000000 
1034.991617 292.000000 
1038.449672 287.000000 
1041.907683 259.000000 
1045.365650 297.000000 
1048.823572 322.000000 
1052.281450 287.000000 
1055.739284 324.000000 
1059.197074 310.000000 
1062.654819 286.000000 
1066.112520 282.000000 
1069.570177 315.000000 
1073.027789 289.000000 
1076.485358 284.000000 
1079.942882 300.000000 
1083.400361 301.000000 
1086.857797 305.000000 
1090.315188 314.000000 
1093.772535 307.000000 
1097.229838 305.000000 
1100.687097 323.000000 
1104.144311 306.000000 
1107.601481 298.000000 
1111.058607 288.000000 
1114.515688 282.000000 
1117.972726 262.000000 
1121.429719 296.000000 
1124.886668 316.000000 
1128.343572 318.000000 
1131.800433 262.000000 
1135.257249 301.000000 
1138.714021 296.000000 
1142.170749 301.000000 
1145.627433 287.000000 
1149.084072 267.000000 
1152.540667 287.000000 
1155.997218 288.000000 
1159.453725 280.000000 
1162.910187 308.000000 
1166.366605 302.000000 
1169.822979 290.000000 
1173.279309 277.000000 
1176.735595 310.000000 
1180.191837 310.000000 
1183.648034 327.000000 
1187.104187 282.000000 
1190.560296 309.000000 
1194.016360 298.000000 
1197.472381 264.000000 
1200.928357 325.000000 
1204.384289 304.000000 
1207.840177 282.000000 
1211.296021 303.000000 
1214.751821 319.000000 
1218.207576 291.000000 
1221.663287 282.000000 
1225.118954 316.000000 
1228.574577 313.000000 
1232.030156 282.000000 
1235.485690 288.000000 
1238.941180 272.000000 
1242.396626 277.000000 
1245.852029 293.000000 
1249.307386 278.000000 
1252.762700 296.000000 
1256.217969 279.000000 
1259.673195 280.000000 
1263.128376 291.000000 
1266.583513 311.000000 
1270.038606 288.000000 
1273.493654 264.000000 
1276.948659 278.000000 
1280.403619 319.000000 
1283.858535 301.000000 
