6756.305698 109.000000 
6759.692030 101.000000 
6763.078319 121.000000 
6766.464567 104.000000 
6769.850774 101.000000 
6773.236939 119.000000 
6776.623062 142.000000 
6780.009144 109.000000 
6783.395184 112.000000 
6786.781183 109.000000 
6790.167140 111.000000 
6793.553056 139.000000 
6796.938930 99.000000 
6800.324762 125.000000 
6803.710553 112.000000 
6807.096303 120.000000 
6810.482010 128.000000 
6813.867677 110.000000 
6817.253302 119.000000 
6820.638885 123.000000 
6824.024427 127.000000 
6827.409927 110.000000 
6830.795385 116.000000 
6834.180802 134.000000 
6837.566178 118.000000 
6840.951512 123.000000 
6844.336804 114.000000 
6847.722055 120.000000 
6851.107265 106.000000 
6854.492432 105.000000 
6857.877559 103.000000 
6861.262643 102.000000 
6864.647687 116.000000 
6868.032688 128.000000 
6871.417649 112.000000 
6874.802567 127.000000 
6878.187445 109.000000 
6881.572280 109.000000 
6884.957075 116.000000 
6888.341827 122.000000 
6891.726538 142.000000 
6895.111208 112.000000 
6898.495836 128.000000 
6901.880423 118.000000 
6905.264968 132.000000 
6908.649471 138.000000 
6912.033934 128.000000 
6915.418354 104.000000 
6918.802733 107.000000 
6922.187071 95.000000 
6925.571367 116.000000 
6928.955621 109.000000 
6932.339835 120.000000 
6935.724006 136.000000 
6939.108136 99.000000 
6942.492225 114.000000 
6945.876272 114.000000 
6949.260278 118.000000 
6952.644242 111.000000 
6956.028165 121.000000 
6959.412046 113.000000 
6962.795886 92.000000 
6966.179684 96.000000 
6969.563441 112.000000 
6972.947156 130.000000 
6976.330830 119.000000 
6979.714462 122.000000 
6983.098053 114.000000 
6986.481603 150.000000 
6989.865111 106.000000 
6993.248577 122.000000 
6996.632002 109.000000 
7000.015386 110.000000 
7003.398728 113.000000 
7006.782028 120.000000 
7010.165288 123.000000 
7013.548505 126.000000 
7016.931682 116.000000 
7020.314816 115.000000 
7023.697910 115.000000 
7027.080962 120.000000 
7030.463972 127.000000 
7033.846941 114.000000 
7037.229869 98.000000 
7040.612755 123.000000 
7043.995600 104.000000 
7047.378403 141.000000 
7050.761165 128.000000 
7054.143885 114.000000 
7057.526564 114.000000 
7060.909202 89.000000 
7064.291798 118.000000 
7067.674352 113.000000 
7071.056865 116.000000 
7074.439337 154.000000 
7077.821768 172.000000 
7081.204156 175.000000 
7084.586504 118.000000 
7087.968810 144.000000 
7091.351075 127.000000 
7094.733298 139.000000 
7098.115480 132.000000 
7101.497620 118.000000 
7104.879719 100.000000 
7108.261777 121.000000 
7111.643793 125.000000 
7115.025767 113.000000 
7118.407701 116.000000 
7121.789593 99.000000 
7125.171443 124.000000 
7128.553252 106.000000 
7131.935020 107.000000 
7135.316746 121.000000 
7138.698431 129.000000 
7142.080075 155.000000 
7145.461677 174.000000 
7148.843237 219.000000 
7152.224757 210.000000 
7155.606235 218.000000 
7158.987671 173.000000 
7162.369066 154.000000 
7165.750420 126.000000 
7169.131733 161.000000 
7172.513004 120.000000 
7175.894233 103.000000 
7179.275421 120.000000 
7182.656568 144.000000 
7186.037674 125.000000 
7189.418738 128.000000 
7192.799760 138.000000 
7196.180742 124.000000 
7199.561682 110.000000 
7202.942580 101.000000 
7206.323437 117.000000 
7209.704253 117.000000 
7213.085028 123.000000 
7216.465761 112.000000 
7219.846453 129.000000 
7223.227103 116.000000 
7226.607712 111.000000 
7229.988280 122.000000 
7233.368806 107.000000 
7236.749291 120.000000 
7240.129735 119.000000 
7243.510137 132.000000 
7246.890498 111.000000 
7250.270817 98.000000 
7253.651095 115.000000 
7257.031332 124.000000 
7260.411528 124.000000 
7263.791682 110.000000 
7267.171795 125.000000 
7270.551866 112.000000 
7273.931896 108.000000 
7277.311885 112.000000 
7280.691832 115.000000 
7284.071739 116.000000 
7287.451603 120.000000 
7290.831427 138.000000 
7294.211209 109.000000 
7297.590950 133.000000 
7300.970649 144.000000 
7304.350307 246.000000 
7307.729924 218.000000 
7311.109500 182.000000 
7314.489034 206.000000 
7317.868527 171.000000 
7321.247978 147.000000 
7324.627388 135.000000 
7328.006757 119.000000 
7331.386085 116.000000 
7334.765371 110.000000 
7338.144616 108.000000 
7341.523820 121.000000 
7344.902982 118.000000 
7348.282103 123.000000 
7351.661183 124.000000 
7355.040221 134.000000 
7358.419218 132.000000 
7361.798174 123.000000 
7365.177089 113.000000 
7368.555962 87.000000 
7371.934794 118.000000 
7375.313585 126.000000 
7378.692334 133.000000 
7382.071042 119.000000 
7385.449709 106.000000 
7388.828334 112.000000 
7392.206918 127.000000 
7395.585461 126.000000 
7398.963963 113.000000 
7402.342423 102.000000 
7405.720842 132.000000 
7409.099220 121.000000 
7412.477556 119.000000 
7415.855852 116.000000 
7419.234106 114.000000 
7422.612318 119.000000 
7425.990490 119.000000 
7429.368620 104.000000 
7432.746709 112.000000 
7436.124756 111.000000 
7439.502763 126.000000 
7442.880728 111.000000 
7446.258652 121.000000 
7449.636534 111.000000 
7453.014375 110.000000 
7456.392175 107.000000 
7459.769934 131.000000 
7463.147652 105.000000 
7466.525328 125.000000 
7469.902963 122.000000 
7473.280557 113.000000 
7476.658109 134.000000 
7480.035621 128.000000 
7483.413091 117.000000 
7486.790519 119.000000 
7490.167907 132.000000 
7493.545253 130.000000 
7496.922558 129.000000 
7500.299822 105.000000 
7503.677045 124.000000 
7507.054226 107.000000 
7510.431366 103.000000 
7513.808465 134.000000 
7517.185523 115.000000 
7520.562539 120.000000 
7523.939514 110.000000 
7527.316448 118.000000 
7530.693341 112.000000 
7534.070192 117.000000 
7537.447003 98.000000 
7540.823772 129.000000 
7544.200500 124.000000 
7547.577186 117.000000 
7550.953832 122.000000 
7554.330436 121.000000 
7557.706999 157.000000 
7561.083521 131.000000 
7564.460001 117.000000 
7567.836441 117.000000 
7571.212839 118.000000 
7574.589196 91.000000 
7577.965512 133.000000 
7581.341786 111.000000 
7584.718019 78.000000 
7588.094212 94.000000 
7591.470362 112.000000 
7594.846472 127.000000 
7598.222541 105.000000 
7601.598568 111.000000 
7604.974554 124.000000 
7608.350499 118.000000 
7611.726403 110.000000 
7615.102266 119.000000 
7618.478087 99.000000 
7621.853867 123.000000 
7625.229606 136.000000 
7628.605304 119.000000 
7631.980961 123.000000 
7635.356577 98.000000 
7638.732151 122.000000 
7642.107684 133.000000 
7645.483176 109.000000 
7648.858627 125.000000 
7652.234037 139.000000 
7655.609405 112.000000 
7658.984732 121.000000 
7662.360019 109.000000 
7665.735264 105.000000 
7669.110467 107.000000 
7672.485630 130.000000 
7675.860752 111.000000 
7679.235832 132.000000 
7682.610871 122.000000 
7685.985869 97.000000 
7689.360826 105.000000 
7692.735742 113.000000 
7696.110616 138.000000 
7699.485450 120.000000 
7702.860242 108.000000 
7706.234993 121.000000 
7709.609703 106.000000 
7712.984372 116.000000 
7716.359000 124.000000 
7719.733586 116.000000 
7723.108132 115.000000 
7726.482636 109.000000 
7729.857099 98.000000 
7733.231521 112.000000 
7736.605902 104.000000 
7739.980242 107.000000 
7743.354540 106.000000 
7746.728798 121.000000 
7750.103014 114.000000 
7753.477190 144.000000 
7756.851324 107.000000 
7760.225417 114.000000 
7763.599469 112.000000 
7766.973479 121.000000 
7770.347449 100.000000 
7773.721377 98.000000 
7777.095265 125.000000 
7780.469111 117.000000 
7783.842916 131.000000 
7787.216680 108.000000 
7790.590403 130.000000 
7793.964085 119.000000 
7797.337726 94.000000 
7800.711326 122.000000 
7804.084884 103.000000 
7807.458402 105.000000 
7810.831878 122.000000 
7814.205313 105.000000 
7817.578708 113.000000 
7820.952061 112.000000 
7824.325373 113.000000 
7827.698643 113.000000 
7831.071873 125.000000 
7834.445062 120.000000 
7837.818210 119.000000 
7841.191316 117.000000 
7844.564381 114.000000 
7847.937406 101.000000 
7851.310389 117.000000 
7854.683331 97.000000 
7858.056232 106.000000 
7861.429092 114.000000 
7864.801911 118.000000 
7868.174689 125.000000 
7871.547426 119.000000 
7874.920122 123.000000 
7878.292777 116.000000 
7881.665390 120.000000 
7885.037963 105.000000 
7888.410494 97.000000 
7891.782985 132.000000 
7895.155434 99.000000 
7898.527842 99.000000 
7901.900209 121.000000 
7905.272536 120.000000 
7908.644821 135.000000 
7912.017065 120.000000 
7915.389268 117.000000 
7918.761430 103.000000 
7922.133551 118.000000 
7925.505630 92.000000 
7928.877669 96.000000 
7932.249667 137.000000 
7935.621624 113.000000 
7938.993539 89.000000 
7942.365414 102.000000 
7945.737248 114.000000 
7949.109040 119.000000 
7952.480792 109.000000 
7955.852502 110.000000 
7959.224172 109.000000 
7962.595800 110.000000 
7965.967388 106.000000 
7969.338934 121.000000 
7972.710439 122.000000 
7976.081904 121.000000 
7979.453327 91.000000 
7982.824709 119.000000 
7986.196050 112.000000 
7989.567351 109.000000 
7992.938610 122.000000 
7996.309828 121.000000 
7999.681005 119.000000 
8003.052141 111.000000 
8006.423236 113.000000 
8009.794291 123.000000 
8013.165304 107.000000 
8016.536276 111.000000 
8019.907207 107.000000 
8023.278097 123.000000 
8026.648946 104.000000 
8030.019754 136.000000 
8033.390521 117.000000 
8036.761247 115.000000 
8040.131933 109.000000 
8043.502577 121.000000 
8046.873180 106.000000 
8050.243742 118.000000 
8053.614263 123.000000 
8056.984743 116.000000 
8060.355182 119.000000 
8063.725580 105.000000 
8067.095938 127.000000 
8070.466254 108.000000 
8073.836529 115.000000 
8077.206763 109.000000 
8080.576957 128.000000 
8083.947109 126.000000 
8087.317220 110.000000 
8090.687290 112.000000 
8094.057320 109.000000 
8097.427308 128.000000 
8100.797255 101.000000 
8104.167162 114.000000 
8107.537027 122.000000 
