-101.649236 592.000000 
-98.176568 572.000000 
-94.703945 523.000000 
-91.231367 529.000000 
-87.758833 553.000000 
-84.286345 562.000000 
-80.813901 534.000000 
-77.341501 582.000000 
-73.869147 575.000000 
-70.396838 538.000000 
-66.924573 526.000000 
-63.452353 570.000000 
-59.980178 552.000000 
-56.508048 541.000000 
-53.035963 541.000000 
-49.563922 598.000000 
-46.091927 542.000000 
-42.619976 576.000000 
-39.148070 545.000000 
-35.676208 562.000000 
-32.204392 563.000000 
-28.732620 542.000000 
-25.260893 536.000000 
-21.789211 558.000000 
-18.317574 566.000000 
-14.845981 556.000000 
-11.374433 535.000000 
-7.902931 572.000000 
-4.431472 523.000000 
-0.960059 549.000000 
2.511310 519.000000 
5.982633 535.000000 
9.453912 572.000000 
12.925147 567.000000 
16.396336 522.000000 
19.867481 550.000000 
23.338581 552.000000 
26.809636 588.000000 
30.280646 513.000000 
33.751612 550.000000 
37.222533 618.000000 
40.693409 561.000000 
44.164240 540.000000 
47.635027 549.000000 
51.105768 580.000000 
54.576465 540.000000 
58.047118 583.000000 
61.517725 534.000000 
64.988288 541.000000 
68.458806 558.000000 
71.929279 575.000000 
75.399707 538.000000 
78.870091 544.000000 
82.340430 594.000000 
85.810725 543.000000 
89.280974 550.000000 
92.751179 513.000000 
96.221339 569.000000 
99.691454 538.000000 
103.161525 560.000000 
106.631551 531.000000 
110.101532 525.000000 
113.571468 530.000000 
117.041360 517.000000 
120.511207 584.000000 
123.981009 541.000000 
127.450766 563.000000 
130.920479 554.000000 
134.390147 484.000000 
137.859770 560.000000 
141.329349 508.000000 
144.798883 489.000000 
148.268372 543.000000 
151.737817 547.000000 
155.207216 526.000000 
158.676571 560.000000 
162.145882 532.000000 
165.615147 554.000000 
169.084368 494.000000 
172.553544 584.000000 
176.022676 544.000000 
179.491763 520.000000 
182.960805 585.000000 
186.429802 552.000000 
189.898755 530.000000 
193.367663 571.000000 
196.836527 564.000000 
200.305345 573.000000 
203.774119 596.000000 
207.242849 543.000000 
210.711533 580.000000 
214.180173 563.000000 
217.648769 590.000000 
221.117319 548.000000 
224.585825 557.000000 
228.054286 561.000000 
231.522703 544.000000 
234.991075 581.000000 
238.459402 546.000000 
241.927685 579.000000 
245.395923 521.000000 
248.864116 564.000000 
252.332265 555.000000 
255.800368 546.000000 
259.268428 569.000000 
262.736442 536.000000 
266.204412 565.000000 
269.672338 528.000000 
273.140218 545.000000 
276.608054 553.000000 
280.075846 591.000000 
283.543593 556.000000 
287.011295 586.000000 
290.478952 586.000000 
293.946565 536.000000 
297.414133 619.000000 
300.881657 696.000000 
304.349136 711.000000 
307.816570 687.000000 
311.283959 655.000000 
314.751305 621.000000 
318.218605 564.000000 
321.685861 574.000000 
325.153072 552.000000 
328.620238 575.000000 
332.087360 566.000000 
335.554437 591.000000 
339.021470 528.000000 
342.488458 520.000000 
345.955402 544.000000 
349.422300 540.000000 
352.889155 539.000000 
356.355964 570.000000 
359.822729 551.000000 
363.289450 546.000000 
366.756125 583.000000 
370.222757 502.000000 
373.689343 548.000000 
377.155885 533.000000 
380.622382 550.000000 
384.088835 569.000000 
387.555243 534.000000 
391.021607 574.000000 
394.487926 551.000000 
397.954201 552.000000 
401.420430 536.000000 
404.886616 572.000000 
408.352756 586.000000 
411.818852 574.000000 
415.284904 535.000000 
418.750911 582.000000 
422.216873 533.000000 
425.682791 556.000000 
429.148664 547.000000 
432.614493 626.000000 
436.080277 588.000000 
439.546016 584.000000 
443.011711 550.000000 
446.477362 587.000000 
449.942967 708.000000 
453.408529 778.000000 
456.874045 928.000000 
460.339517 1043.000000 
463.804945 1146.000000 
467.270328 909.000000 
470.735667 838.000000 
474.200961 724.000000 
477.666210 691.000000 
481.131415 635.000000 
484.596575 567.000000 
488.061691 575.000000 
491.526762 618.000000 
494.991789 560.000000 
498.456771 561.000000 
501.921708 563.000000 
505.386601 551.000000 
508.851450 581.000000 
512.316254 561.000000 
515.781013 566.000000 
519.245728 576.000000 
522.710399 535.000000 
526.175024 615.000000 
529.639606 571.000000 
533.104143 556.000000 
536.568635 546.000000 
540.033083 592.000000 
543.497486 542.000000 
546.961845 560.000000 
550.426159 556.000000 
553.890429 546.000000 
557.354654 627.000000 
560.818835 562.000000 
564.282971 561.000000 
567.747063 537.000000 
571.211110 614.000000 
574.675113 556.000000 
578.139071 519.000000 
581.602985 535.000000 
585.066854 569.000000 
588.530678 571.000000 
591.994459 527.000000 
595.458195 527.000000 
598.921886 578.000000 
602.385533 521.000000 
605.849135 537.000000 
609.312693 573.000000 
612.776206 527.000000 
616.239675 550.000000 
619.703099 551.000000 
623.166479 566.000000 
626.629814 506.000000 
630.093105 556.000000 
633.556352 553.000000 
637.019554 559.000000 
640.482711 563.000000 
643.945824 538.000000 
647.408893 532.000000 
650.871917 613.000000 
654.334897 590.000000 
657.797832 514.000000 
661.260723 557.000000 
664.723569 568.000000 
668.186371 588.000000 
671.649128 576.000000 
675.111841 546.000000 
678.574510 569.000000 
682.037134 530.000000 
685.499714 526.000000 
688.962249 594.000000 
692.424739 597.000000 
695.887186 581.000000 
699.349588 603.000000 
702.811945 606.000000 
706.274258 611.000000 
709.736526 702.000000 
713.198751 845.000000 
716.660930 995.000000 
720.123065 964.000000 
723.585156 1988.000000 
727.047203 2518.000000 
730.509205 1888.000000 
733.971162 1298.000000 
737.433075 1059.000000 
740.894944 912.000000 
744.356768 817.000000 
747.818548 748.000000 
751.280284 684.000000 
754.741975 636.000000 
758.203621 657.000000 
761.665224 658.000000 
765.126781 624.000000 
768.588295 581.000000 
772.049764 544.000000 
775.511189 589.000000 
778.972569 614.000000 
782.433905 604.000000 
785.895196 575.000000 
789.356443 607.000000 
792.817646 580.000000 
796.278804 566.000000 
799.739918 562.000000 
803.200987 525.000000 
806.662012 561.000000 
810.122993 555.000000 
813.583929 588.000000 
817.044821 612.000000 
820.505669 585.000000 
823.966472 577.000000 
827.427231 560.000000 
830.887945 589.000000 
834.348615 585.000000 
837.809241 627.000000 
841.269822 562.000000 
844.730359 559.000000 
848.190852 585.000000 
851.651300 507.000000 
855.111704 547.000000 
858.572064 585.000000 
862.032379 570.000000 
865.492650 606.000000 
868.952876 593.000000 
872.413058 554.000000 
875.873196 553.000000 
879.333289 561.000000 
882.793338 547.000000 
886.253343 551.000000 
889.713303 548.000000 
893.173219 554.000000 
896.633091 540.000000 
900.092918 541.000000 
903.552701 570.000000 
907.012440 559.000000 
910.472134 596.000000 
913.931784 577.000000 
917.391390 570.000000 
920.850951 550.000000 
924.310468 586.000000 
927.769941 560.000000 
931.229369 581.000000 
934.688753 612.000000 
938.148093 554.000000 
941.607388 553.000000 
945.066639 568.000000 
948.525846 590.000000 
951.985009 613.000000 
955.444127 565.000000 
958.903201 548.000000 
962.362230 569.000000 
965.821215 542.000000 
969.280156 555.000000 
972.739053 563.000000 
976.197905 608.000000 
979.656713 582.000000 
983.115477 563.000000 
986.574196 578.000000 
990.032871 552.000000 
993.491502 571.000000 
996.950089 589.000000 
1000.408631 553.000000 
1003.867129 551.000000 
1007.325582 574.000000 
1010.783992 595.000000 
1014.242357 585.000000 
1017.700678 600.000000 
1021.158954 522.000000 
1024.617186 616.000000 
1028.075374 610.000000 
1031.533518 559.000000 
1034.991617 561.000000 
1038.449672 575.000000 
1041.907683 554.000000 
1045.365650 578.000000 
1048.823572 526.000000 
1052.281450 554.000000 
1055.739284 586.000000 
1059.197074 539.000000 
1062.654819 543.000000 
1066.112520 560.000000 
1069.570177 558.000000 
1073.027789 549.000000 
1076.485358 599.000000 
1079.942882 560.000000 
1083.400361 576.000000 
1086.857797 539.000000 
1090.315188 578.000000 
1093.772535 555.000000 
1097.229838 595.000000 
1100.687097 518.000000 
1104.144311 545.000000 
1107.601481 553.000000 
1111.058607 581.000000 
1114.515688 574.000000 
1117.972726 567.000000 
1121.429719 560.000000 
1124.886668 593.000000 
1128.343572 573.000000 
1131.800433 565.000000 
1135.257249 559.000000 
1138.714021 538.000000 
1142.170749 542.000000 
1145.627433 578.000000 
1149.084072 578.000000 
1152.540667 599.000000 
1155.997218 586.000000 
1159.453725 569.000000 
1162.910187 591.000000 
1166.366605 541.000000 
1169.822979 572.000000 
1173.279309 592.000000 
1176.735595 600.000000 
1180.191837 520.000000 
1183.648034 570.000000 
1187.104187 628.000000 
1190.560296 620.000000 
1194.016360 588.000000 
1197.472381 596.000000 
1200.928357 593.000000 
1204.384289 604.000000 
1207.840177 563.000000 
1211.296021 584.000000 
1214.751821 608.000000 
1218.207576 536.000000 
1221.663287 526.000000 
1225.118954 574.000000 
1228.574577 573.000000 
1232.030156 603.000000 
1235.485690 602.000000 
1238.941180 570.000000 
1242.396626 526.000000 
1245.852029 573.000000 
1249.307386 597.000000 
1252.762700 574.000000 
1256.217969 541.000000 
1259.673195 580.000000 
1263.128376 557.000000 
1266.583513 582.000000 
1270.038606 555.000000 
1273.493654 545.000000 
1276.948659 590.000000 
1280.403619 529.000000 
1283.858535 580.000000 
