-101.649236 393.000000 
-98.176568 365.000000 
-94.703945 423.000000 
-91.231367 387.000000 
-87.758833 367.000000 
-84.286345 389.000000 
-80.813901 372.000000 
-77.341501 402.000000 
-73.869147 457.000000 
-70.396838 414.000000 
-66.924573 349.000000 
-63.452353 357.000000 
-59.980178 416.000000 
-56.508048 402.000000 
-53.035963 388.000000 
-49.563922 396.000000 
-46.091927 410.000000 
-42.619976 397.000000 
-39.148070 384.000000 
-35.676208 385.000000 
-32.204392 422.000000 
-28.732620 353.000000 
-25.260893 417.000000 
-21.789211 435.000000 
-18.317574 417.000000 
-14.845981 362.000000 
-11.374433 384.000000 
-7.902931 392.000000 
-4.431472 346.000000 
-0.960059 390.000000 
2.511310 400.000000 
5.982633 376.000000 
9.453912 362.000000 
12.925147 423.000000 
16.396336 402.000000 
19.867481 343.000000 
23.338581 418.000000 
26.809636 403.000000 
30.280646 359.000000 
33.751612 411.000000 
37.222533 367.000000 
40.693409 377.000000 
44.164240 400.000000 
47.635027 407.000000 
51.105768 363.000000 
54.576465 359.000000 
58.047118 397.000000 
61.517725 392.000000 
64.988288 398.000000 
68.458806 398.000000 
71.929279 417.000000 
75.399707 403.000000 
78.870091 382.000000 
82.340430 406.000000 
85.810725 390.000000 
89.280974 388.000000 
92.751179 378.000000 
96.221339 400.000000 
99.691454 379.000000 
103.161525 385.000000 
106.631551 378.000000 
110.101532 378.000000 
113.571468 355.000000 
117.041360 406.000000 
120.511207 418.000000 
123.981009 410.000000 
127.450766 368.000000 
130.920479 382.000000 
134.390147 359.000000 
137.859770 383.000000 
141.329349 363.000000 
144.798883 391.000000 
148.268372 384.000000 
151.737817 377.000000 
155.207216 406.000000 
158.676571 369.000000 
162.145882 407.000000 
165.615147 390.000000 
169.084368 417.000000 
172.553544 390.000000 
176.022676 384.000000 
179.491763 393.000000 
182.960805 398.000000 
186.429802 415.000000 
189.898755 382.000000 
193.367663 407.000000 
196.836527 427.000000 
200.305345 400.000000 
203.774119 381.000000 
207.242849 407.000000 
210.711533 402.000000 
214.180173 377.000000 
217.648769 403.000000 
221.117319 402.000000 
224.585825 394.000000 
228.054286 430.000000 
231.522703 368.000000 
234.991075 325.000000 
238.459402 437.000000 
241.927685 360.000000 
245.395923 391.000000 
248.864116 413.000000 
252.332265 416.000000 
255.800368 433.000000 
259.268428 379.000000 
262.736442 392.000000 
266.204412 387.000000 
269.672338 375.000000 
273.140218 405.000000 
276.608054 430.000000 
280.075846 413.000000 
283.543593 425.000000 
287.011295 394.000000 
290.478952 409.000000 
293.946565 452.000000 
297.414133 549.000000 
300.881657 583.000000 
304.349136 481.000000 
307.816570 496.000000 
311.283959 430.000000 
314.751305 457.000000 
318.218605 440.000000 
321.685861 407.000000 
325.153072 412.000000 
328.620238 383.000000 
332.087360 412.000000 
335.554437 390.000000 
339.021470 404.000000 
342.488458 395.000000 
345.955402 437.000000 
349.422300 373.000000 
352.889155 400.000000 
356.355964 419.000000 
359.822729 407.000000 
363.289450 385.000000 
366.756125 410.000000 
370.222757 412.000000 
373.689343 406.000000 
377.155885 370.000000 
380.622382 408.000000 
384.088835 393.000000 
387.555243 400.000000 
391.021607 432.000000 
394.487926 413.000000 
397.954201 401.000000 
401.420430 397.000000 
404.886616 384.000000 
408.352756 400.000000 
411.818852 416.000000 
415.284904 421.000000 
418.750911 409.000000 
422.216873 410.000000 
425.682791 385.000000 
429.148664 386.000000 
432.614493 420.000000 
436.080277 392.000000 
439.546016 397.000000 
443.011711 446.000000 
446.477362 457.000000 
449.942967 536.000000 
453.408529 670.000000 
456.874045 752.000000 
460.339517 989.000000 
463.804945 831.000000 
467.270328 642.000000 
470.735667 630.000000 
474.200961 533.000000 
477.666210 501.000000 
481.131415 454.000000 
484.596575 450.000000 
488.061691 437.000000 
491.526762 411.000000 
494.991789 442.000000 
498.456771 428.000000 
501.921708 434.000000 
505.386601 394.000000 
508.851450 420.000000 
512.316254 424.000000 
515.781013 461.000000 
519.245728 435.000000 
522.710399 427.000000 
526.175024 435.000000 
529.639606 411.000000 
533.104143 399.000000 
536.568635 393.000000 
540.033083 417.000000 
543.497486 419.000000 
546.961845 410.000000 
550.426159 404.000000 
553.890429 389.000000 
557.354654 396.000000 
560.818835 381.000000 
564.282971 393.000000 
567.747063 383.000000 
571.211110 437.000000 
574.675113 386.000000 
578.139071 362.000000 
581.602985 387.000000 
585.066854 397.000000 
588.530678 417.000000 
591.994459 389.000000 
595.458195 396.000000 
598.921886 384.000000 
602.385533 409.000000 
605.849135 432.000000 
609.312693 398.000000 
612.776206 415.000000 
616.239675 381.000000 
619.703099 394.000000 
623.166479 397.000000 
626.629814 387.000000 
630.093105 425.000000 
633.556352 406.000000 
637.019554 405.000000 
640.482711 395.000000 
643.945824 417.000000 
647.408893 348.000000 
650.871917 418.000000 
654.334897 390.000000 
657.797832 378.000000 
661.260723 389.000000 
664.723569 417.000000 
668.186371 412.000000 
671.649128 371.000000 
675.111841 455.000000 
678.574510 406.000000 
682.037134 427.000000 
685.499714 380.000000 
688.962249 380.000000 
692.424739 389.000000 
695.887186 475.000000 
699.349588 428.000000 
702.811945 437.000000 
706.274258 449.000000 
709.736526 532.000000 
713.198751 558.000000 
716.660930 691.000000 
720.123065 749.000000 
723.585156 934.000000 
727.047203 1570.000000 
730.509205 1540.000000 
733.971162 1299.000000 
737.433075 897.000000 
740.894944 726.000000 
744.356768 587.000000 
747.818548 551.000000 
751.280284 462.000000 
754.741975 468.000000 
758.203621 428.000000 
761.665224 476.000000 
765.126781 441.000000 
768.588295 398.000000 
772.049764 430.000000 
775.511189 453.000000 
778.972569 421.000000 
782.433905 390.000000 
785.895196 397.000000 
789.356443 394.000000 
792.817646 409.000000 
796.278804 365.000000 
799.739918 418.000000 
803.200987 401.000000 
806.662012 420.000000 
810.122993 388.000000 
813.583929 361.000000 
817.044821 405.000000 
820.505669 399.000000 
823.966472 382.000000 
827.427231 361.000000 
830.887945 363.000000 
834.348615 405.000000 
837.809241 423.000000 
841.269822 402.000000 
844.730359 368.000000 
848.190852 357.000000 
851.651300 394.000000 
855.111704 422.000000 
858.572064 423.000000 
862.032379 434.000000 
865.492650 381.000000 
868.952876 358.000000 
872.413058 386.000000 
875.873196 459.000000 
879.333289 355.000000 
882.793338 441.000000 
886.253343 377.000000 
889.713303 397.000000 
893.173219 367.000000 
896.633091 432.000000 
900.092918 414.000000 
903.552701 387.000000 
907.012440 410.000000 
910.472134 391.000000 
913.931784 429.000000 
917.391390 397.000000 
920.850951 389.000000 
924.310468 398.000000 
927.769941 412.000000 
931.229369 365.000000 
934.688753 374.000000 
938.148093 348.000000 
941.607388 410.000000 
945.066639 365.000000 
948.525846 399.000000 
951.985009 429.000000 
955.444127 394.000000 
958.903201 348.000000 
962.362230 402.000000 
965.821215 409.000000 
969.280156 380.000000 
972.739053 405.000000 
976.197905 407.000000 
979.656713 372.000000 
983.115477 405.000000 
986.574196 413.000000 
990.032871 393.000000 
993.491502 364.000000 
996.950089 420.000000 
1000.408631 396.000000 
1003.867129 378.000000 
1007.325582 364.000000 
1010.783992 393.000000 
1014.242357 390.000000 
1017.700678 382.000000 
1021.158954 385.000000 
1024.617186 377.000000 
1028.075374 407.000000 
1031.533518 367.000000 
1034.991617 379.000000 
1038.449672 381.000000 
1041.907683 388.000000 
1045.365650 394.000000 
1048.823572 407.000000 
1052.281450 356.000000 
1055.739284 376.000000 
1059.197074 414.000000 
1062.654819 391.000000 
1066.112520 404.000000 
1069.570177 375.000000 
1073.027789 414.000000 
1076.485358 393.000000 
1079.942882 366.000000 
1083.400361 372.000000 
1086.857797 402.000000 
1090.315188 362.000000 
1093.772535 378.000000 
1097.229838 374.000000 
1100.687097 400.000000 
1104.144311 367.000000 
1107.601481 394.000000 
1111.058607 355.000000 
1114.515688 395.000000 
1117.972726 378.000000 
1121.429719 383.000000 
1124.886668 383.000000 
1128.343572 424.000000 
1131.800433 391.000000 
1135.257249 410.000000 
1138.714021 368.000000 
1142.170749 374.000000 
1145.627433 368.000000 
1149.084072 373.000000 
1152.540667 360.000000 
1155.997218 364.000000 
1159.453725 369.000000 
1162.910187 364.000000 
1166.366605 403.000000 
1169.822979 369.000000 
1173.279309 367.000000 
1176.735595 394.000000 
1180.191837 387.000000 
1183.648034 396.000000 
1187.104187 414.000000 
1190.560296 399.000000 
1194.016360 366.000000 
1197.472381 413.000000 
1200.928357 397.000000 
1204.384289 432.000000 
1207.840177 365.000000 
1211.296021 398.000000 
1214.751821 386.000000 
1218.207576 440.000000 
1221.663287 373.000000 
1225.118954 390.000000 
1228.574577 369.000000 
1232.030156 385.000000 
1235.485690 363.000000 
1238.941180 419.000000 
1242.396626 397.000000 
1245.852029 383.000000 
1249.307386 406.000000 
1252.762700 385.000000 
1256.217969 406.000000 
1259.673195 397.000000 
1263.128376 407.000000 
1266.583513 389.000000 
1270.038606 403.000000 
1273.493654 386.000000 
1276.948659 376.000000 
1280.403619 410.000000 
1283.858535 379.000000 
