-101.649236 421.000000 
-98.176568 422.000000 
-94.703945 406.000000 
-91.231367 408.000000 
-87.758833 442.000000 
-84.286345 385.000000 
-80.813901 449.000000 
-77.341501 437.000000 
-73.869147 426.000000 
-70.396838 412.000000 
-66.924573 434.000000 
-63.452353 466.000000 
-59.980178 433.000000 
-56.508048 429.000000 
-53.035963 434.000000 
-49.563922 417.000000 
-46.091927 418.000000 
-42.619976 452.000000 
-39.148070 409.000000 
-35.676208 413.000000 
-32.204392 429.000000 
-28.732620 431.000000 
-25.260893 409.000000 
-21.789211 405.000000 
-18.317574 447.000000 
-14.845981 420.000000 
-11.374433 389.000000 
-7.902931 455.000000 
-4.431472 418.000000 
-0.960059 462.000000 
2.511310 462.000000 
5.982633 450.000000 
9.453912 441.000000 
12.925147 376.000000 
16.396336 401.000000 
19.867481 436.000000 
23.338581 392.000000 
26.809636 439.000000 
30.280646 412.000000 
33.751612 416.000000 
37.222533 429.000000 
40.693409 423.000000 
44.164240 432.000000 
47.635027 412.000000 
51.105768 424.000000 
54.576465 418.000000 
58.047118 425.000000 
61.517725 406.000000 
64.988288 426.000000 
68.458806 465.000000 
71.929279 471.000000 
75.399707 410.000000 
78.870091 396.000000 
82.340430 422.000000 
85.810725 423.000000 
89.280974 432.000000 
92.751179 418.000000 
96.221339 411.000000 
99.691454 464.000000 
103.161525 451.000000 
106.631551 421.000000 
110.101532 460.000000 
113.571468 446.000000 
117.041360 398.000000 
120.511207 409.000000 
123.981009 437.000000 
127.450766 429.000000 
130.920479 415.000000 
134.390147 480.000000 
137.859770 449.000000 
141.329349 445.000000 
144.798883 455.000000 
148.268372 423.000000 
151.737817 432.000000 
155.207216 411.000000 
158.676571 429.000000 
162.145882 412.000000 
165.615147 435.000000 
169.084368 486.000000 
172.553544 410.000000 
176.022676 411.000000 
179.491763 457.000000 
182.960805 445.000000 
186.429802 426.000000 
189.898755 417.000000 
193.367663 442.000000 
196.836527 412.000000 
200.305345 414.000000 
203.774119 446.000000 
207.242849 443.000000 
210.711533 419.000000 
214.180173 404.000000 
217.648769 455.000000 
221.117319 421.000000 
224.585825 406.000000 
228.054286 467.000000 
231.522703 411.000000 
234.991075 446.000000 
238.459402 392.000000 
241.927685 447.000000 
245.395923 432.000000 
248.864116 459.000000 
252.332265 441.000000 
255.800368 427.000000 
259.268428 452.000000 
262.736442 440.000000 
266.204412 446.000000 
269.672338 474.000000 
273.140218 424.000000 
276.608054 432.000000 
280.075846 458.000000 
283.543593 441.000000 
287.011295 465.000000 
290.478952 442.000000 
293.946565 523.000000 
297.414133 457.000000 
300.881657 528.000000 
304.349136 540.000000 
307.816570 534.000000 
311.283959 541.000000 
314.751305 474.000000 
318.218605 449.000000 
321.685861 449.000000 
325.153072 486.000000 
328.620238 434.000000 
332.087360 465.000000 
335.554437 403.000000 
339.021470 431.000000 
342.488458 468.000000 
345.955402 397.000000 
349.422300 463.000000 
352.889155 477.000000 
356.355964 465.000000 
359.822729 406.000000 
363.289450 428.000000 
366.756125 422.000000 
370.222757 432.000000 
373.689343 433.000000 
377.155885 465.000000 
380.622382 395.000000 
384.088835 438.000000 
387.555243 448.000000 
391.021607 444.000000 
394.487926 408.000000 
397.954201 435.000000 
401.420430 431.000000 
404.886616 447.000000 
408.352756 428.000000 
411.818852 453.000000 
415.284904 479.000000 
418.750911 475.000000 
422.216873 434.000000 
425.682791 431.000000 
429.148664 407.000000 
432.614493 431.000000 
436.080277 458.000000 
439.546016 463.000000 
443.011711 470.000000 
446.477362 513.000000 
449.942967 580.000000 
453.408529 709.000000 
456.874045 943.000000 
460.339517 990.000000 
463.804945 877.000000 
467.270328 734.000000 
470.735667 590.000000 
474.200961 551.000000 
477.666210 545.000000 
481.131415 524.000000 
484.596575 466.000000 
488.061691 493.000000 
491.526762 482.000000 
494.991789 465.000000 
498.456771 460.000000 
501.921708 436.000000 
505.386601 465.000000 
508.851450 458.000000 
512.316254 479.000000 
515.781013 437.000000 
519.245728 438.000000 
522.710399 466.000000 
526.175024 440.000000 
529.639606 468.000000 
533.104143 416.000000 
536.568635 434.000000 
540.033083 437.000000 
543.497486 455.000000 
546.961845 445.000000 
550.426159 462.000000 
553.890429 456.000000 
557.354654 480.000000 
560.818835 433.000000 
564.282971 490.000000 
567.747063 423.000000 
571.211110 449.000000 
574.675113 475.000000 
578.139071 462.000000 
581.602985 433.000000 
585.066854 463.000000 
588.530678 440.000000 
591.994459 467.000000 
595.458195 460.000000 
598.921886 460.000000 
602.385533 468.000000 
605.849135 449.000000 
609.312693 414.000000 
612.776206 468.000000 
616.239675 426.000000 
619.703099 400.000000 
623.166479 462.000000 
626.629814 456.000000 
630.093105 403.000000 
633.556352 462.000000 
637.019554 439.000000 
640.482711 450.000000 
643.945824 485.000000 
647.408893 451.000000 
650.871917 424.000000 
654.334897 443.000000 
657.797832 447.000000 
661.260723 408.000000 
664.723569 423.000000 
668.186371 487.000000 
671.649128 450.000000 
675.111841 460.000000 
678.574510 496.000000 
682.037134 471.000000 
685.499714 459.000000 
688.962249 452.000000 
692.424739 491.000000 
695.887186 485.000000 
699.349588 496.000000 
702.811945 481.000000 
706.274258 531.000000 
709.736526 520.000000 
713.198751 583.000000 
716.660930 623.000000 
720.123065 1155.000000 
723.585156 1555.000000 
727.047203 1701.000000 
730.509205 1958.000000 
733.971162 1340.000000 
737.433075 959.000000 
740.894944 722.000000 
744.356768 633.000000 
747.818548 582.000000 
751.280284 570.000000 
754.741975 520.000000 
758.203621 498.000000 
761.665224 479.000000 
765.126781 451.000000 
768.588295 496.000000 
772.049764 469.000000 
775.511189 442.000000 
778.972569 496.000000 
782.433905 438.000000 
785.895196 456.000000 
789.356443 446.000000 
792.817646 435.000000 
796.278804 459.000000 
799.739918 463.000000 
803.200987 460.000000 
806.662012 455.000000 
810.122993 430.000000 
813.583929 460.000000 
817.044821 453.000000 
820.505669 452.000000 
823.966472 434.000000 
827.427231 462.000000 
830.887945 489.000000 
834.348615 461.000000 
837.809241 456.000000 
841.269822 493.000000 
844.730359 485.000000 
848.190852 446.000000 
851.651300 484.000000 
855.111704 450.000000 
858.572064 486.000000 
862.032379 488.000000 
865.492650 447.000000 
868.952876 462.000000 
872.413058 439.000000 
875.873196 449.000000 
879.333289 433.000000 
882.793338 440.000000 
886.253343 460.000000 
889.713303 465.000000 
893.173219 445.000000 
896.633091 448.000000 
900.092918 446.000000 
903.552701 484.000000 
907.012440 453.000000 
910.472134 426.000000 
913.931784 445.000000 
917.391390 471.000000 
920.850951 484.000000 
924.310468 460.000000 
927.769941 443.000000 
931.229369 487.000000 
934.688753 421.000000 
938.148093 451.000000 
941.607388 427.000000 
945.066639 466.000000 
948.525846 448.000000 
951.985009 444.000000 
955.444127 453.000000 
958.903201 472.000000 
962.362230 489.000000 
965.821215 453.000000 
969.280156 456.000000 
972.739053 466.000000 
976.197905 441.000000 
979.656713 440.000000 
983.115477 430.000000 
986.574196 436.000000 
990.032871 473.000000 
993.491502 454.000000 
996.950089 462.000000 
1000.408631 464.000000 
1003.867129 430.000000 
1007.325582 468.000000 
1010.783992 434.000000 
1014.242357 448.000000 
1017.700678 477.000000 
1021.158954 440.000000 
1024.617186 448.000000 
1028.075374 449.000000 
1031.533518 455.000000 
1034.991617 432.000000 
1038.449672 486.000000 
1041.907683 431.000000 
1045.365650 470.000000 
1048.823572 452.000000 
1052.281450 428.000000 
1055.739284 459.000000 
1059.197074 471.000000 
1062.654819 452.000000 
1066.112520 442.000000 
1069.570177 472.000000 
1073.027789 454.000000 
1076.485358 483.000000 
1079.942882 421.000000 
1083.400361 467.000000 
1086.857797 449.000000 
1090.315188 489.000000 
1093.772535 471.000000 
1097.229838 443.000000 
1100.687097 458.000000 
1104.144311 470.000000 
1107.601481 480.000000 
1111.058607 423.000000 
1114.515688 437.000000 
1117.972726 456.000000 
1121.429719 437.000000 
1124.886668 450.000000 
1128.343572 454.000000 
1131.800433 466.000000 
1135.257249 444.000000 
1138.714021 461.000000 
1142.170749 475.000000 
1145.627433 418.000000 
1149.084072 466.000000 
1152.540667 437.000000 
1155.997218 476.000000 
1159.453725 470.000000 
1162.910187 464.000000 
1166.366605 452.000000 
1169.822979 421.000000 
1173.279309 480.000000 
1176.735595 444.000000 
1180.191837 458.000000 
1183.648034 461.000000 
1187.104187 468.000000 
1190.560296 455.000000 
1194.016360 477.000000 
1197.472381 446.000000 
1200.928357 476.000000 
1204.384289 464.000000 
1207.840177 425.000000 
1211.296021 438.000000 
1214.751821 499.000000 
1218.207576 475.000000 
1221.663287 460.000000 
1225.118954 434.000000 
1228.574577 482.000000 
1232.030156 472.000000 
1235.485690 461.000000 
1238.941180 453.000000 
1242.396626 442.000000 
1245.852029 493.000000 
1249.307386 471.000000 
1252.762700 478.000000 
1256.217969 484.000000 
1259.673195 424.000000 
1263.128376 461.000000 
1266.583513 471.000000 
1270.038606 452.000000 
1273.493654 442.000000 
1276.948659 442.000000 
1280.403619 465.000000 
1283.858535 441.000000 
