6756.305698 174.000000 
6759.692030 139.000000 
6763.078319 157.000000 
6766.464567 156.000000 
6769.850774 144.000000 
6773.236939 183.000000 
6776.623062 163.000000 
6780.009144 154.000000 
6783.395184 186.000000 
6786.781183 140.000000 
6790.167140 151.000000 
6793.553056 162.000000 
6796.938930 159.000000 
6800.324762 180.000000 
6803.710553 153.000000 
6807.096303 170.000000 
6810.482010 173.000000 
6813.867677 148.000000 
6817.253302 172.000000 
6820.638885 158.000000 
6824.024427 183.000000 
6827.409927 142.000000 
6830.795385 172.000000 
6834.180802 146.000000 
6837.566178 180.000000 
6840.951512 152.000000 
6844.336804 162.000000 
6847.722055 178.000000 
6851.107265 173.000000 
6854.492432 181.000000 
6857.877559 168.000000 
6861.262643 182.000000 
6864.647687 160.000000 
6868.032688 170.000000 
6871.417649 142.000000 
6874.802567 193.000000 
6878.187445 172.000000 
6881.572280 143.000000 
6884.957075 183.000000 
6888.341827 163.000000 
6891.726538 183.000000 
6895.111208 148.000000 
6898.495836 149.000000 
6901.880423 149.000000 
6905.264968 183.000000 
6908.649471 168.000000 
6912.033934 167.000000 
6915.418354 161.000000 
6918.802733 184.000000 
6922.187071 167.000000 
6925.571367 159.000000 
6928.955621 151.000000 
6932.339835 148.000000 
6935.724006 154.000000 
6939.108136 184.000000 
6942.492225 170.000000 
6945.876272 165.000000 
6949.260278 166.000000 
6952.644242 158.000000 
6956.028165 155.000000 
6959.412046 170.000000 
6962.795886 177.000000 
6966.179684 163.000000 
6969.563441 195.000000 
6972.947156 161.000000 
6976.330830 184.000000 
6979.714462 177.000000 
6983.098053 159.000000 
6986.481603 147.000000 
6989.865111 184.000000 
6993.248577 172.000000 
6996.632002 148.000000 
7000.015386 218.000000 
7003.398728 168.000000 
7006.782028 168.000000 
7010.165288 179.000000 
7013.548505 173.000000 
7016.931682 181.000000 
7020.314816 171.000000 
7023.697910 156.000000 
7027.080962 173.000000 
7030.463972 181.000000 
7033.846941 174.000000 
7037.229869 152.000000 
7040.612755 155.000000 
7043.995600 182.000000 
7047.378403 164.000000 
7050.761165 182.000000 
7054.143885 157.000000 
7057.526564 175.000000 
7060.909202 155.000000 
7064.291798 180.000000 
7067.674352 185.000000 
7071.056865 197.000000 
7074.439337 236.000000 
7077.821768 217.000000 
7081.204156 200.000000 
7084.586504 202.000000 
7087.968810 180.000000 
7091.351075 165.000000 
7094.733298 165.000000 
7098.115480 175.000000 
7101.497620 162.000000 
7104.879719 175.000000 
7108.261777 172.000000 
7111.643793 173.000000 
7115.025767 154.000000 
7118.407701 168.000000 
7121.789593 187.000000 
7125.171443 176.000000 
7128.553252 168.000000 
7131.935020 173.000000 
7135.316746 176.000000 
7138.698431 175.000000 
7142.080075 190.000000 
7145.461677 227.000000 
7148.843237 272.000000 
7152.224757 243.000000 
7155.606235 255.000000 
7158.987671 223.000000 
7162.369066 201.000000 
7165.750420 191.000000 
7169.131733 184.000000 
7172.513004 172.000000 
7175.894233 189.000000 
7179.275421 180.000000 
7182.656568 161.000000 
7186.037674 190.000000 
7189.418738 172.000000 
7192.799760 169.000000 
7196.180742 167.000000 
7199.561682 173.000000 
7202.942580 193.000000 
7206.323437 182.000000 
7209.704253 163.000000 
7213.085028 157.000000 
7216.465761 203.000000 
7219.846453 173.000000 
7223.227103 154.000000 
7226.607712 165.000000 
7229.988280 171.000000 
7233.368806 173.000000 
7236.749291 156.000000 
7240.129735 178.000000 
7243.510137 173.000000 
7246.890498 170.000000 
7250.270817 183.000000 
7253.651095 158.000000 
7257.031332 166.000000 
7260.411528 192.000000 
7263.791682 169.000000 
7267.171795 200.000000 
7270.551866 177.000000 
7273.931896 145.000000 
7277.311885 167.000000 
7280.691832 186.000000 
7284.071739 192.000000 
7287.451603 198.000000 
7290.831427 175.000000 
7294.211209 173.000000 
7297.590950 190.000000 
7300.970649 208.000000 
7304.350307 215.000000 
7307.729924 243.000000 
7311.109500 246.000000 
7314.489034 234.000000 
7317.868527 204.000000 
7321.247978 193.000000 
7324.627388 168.000000 
7328.006757 161.000000 
7331.386085 167.000000 
7334.765371 177.000000 
7338.144616 159.000000 
7341.523820 151.000000 
7344.902982 173.000000 
7348.282103 141.000000 
7351.661183 185.000000 
7355.040221 135.000000 
7358.419218 174.000000 
7361.798174 161.000000 
7365.177089 165.000000 
7368.555962 152.000000 
7371.934794 159.000000 
7375.313585 178.000000 
7378.692334 150.000000 
7382.071042 164.000000 
7385.449709 180.000000 
7388.828334 181.000000 
7392.206918 153.000000 
7395.585461 150.000000 
7398.963963 173.000000 
7402.342423 174.000000 
7405.720842 177.000000 
7409.099220 165.000000 
7412.477556 173.000000 
7415.855852 151.000000 
7419.234106 183.000000 
7422.612318 174.000000 
7425.990490 170.000000 
7429.368620 167.000000 
7432.746709 136.000000 
7436.124756 164.000000 
7439.502763 162.000000 
7442.880728 180.000000 
7446.258652 158.000000 
7449.636534 146.000000 
7453.014375 149.000000 
7456.392175 158.000000 
7459.769934 142.000000 
7463.147652 163.000000 
7466.525328 174.000000 
7469.902963 159.000000 
7473.280557 168.000000 
7476.658109 156.000000 
7480.035621 154.000000 
7483.413091 151.000000 
7486.790519 167.000000 
7490.167907 161.000000 
7493.545253 182.000000 
7496.922558 167.000000 
7500.299822 180.000000 
7503.677045 154.000000 
7507.054226 157.000000 
7510.431366 176.000000 
7513.808465 170.000000 
7517.185523 165.000000 
7520.562539 157.000000 
7523.939514 146.000000 
7527.316448 192.000000 
7530.693341 167.000000 
7534.070192 166.000000 
7537.447003 171.000000 
7540.823772 147.000000 
7544.200500 155.000000 
7547.577186 194.000000 
7550.953832 158.000000 
7554.330436 149.000000 
7557.706999 164.000000 
7561.083521 180.000000 
7564.460001 161.000000 
7567.836441 162.000000 
7571.212839 158.000000 
7574.589196 168.000000 
7577.965512 144.000000 
7581.341786 152.000000 
7584.718019 138.000000 
7588.094212 133.000000 
7591.470362 167.000000 
7594.846472 152.000000 
7598.222541 138.000000 
7601.598568 173.000000 
7604.974554 159.000000 
7608.350499 145.000000 
7611.726403 170.000000 
7615.102266 159.000000 
7618.478087 174.000000 
7621.853867 141.000000 
7625.229606 156.000000 
7628.605304 164.000000 
7631.980961 136.000000 
7635.356577 165.000000 
7638.732151 159.000000 
7642.107684 159.000000 
7645.483176 171.000000 
7648.858627 174.000000 
7652.234037 182.000000 
7655.609405 177.000000 
7658.984732 176.000000 
7662.360019 144.000000 
7665.735264 160.000000 
7669.110467 158.000000 
7672.485630 170.000000 
7675.860752 176.000000 
7679.235832 156.000000 
7682.610871 158.000000 
7685.985869 163.000000 
7689.360826 153.000000 
7692.735742 169.000000 
7696.110616 153.000000 
7699.485450 162.000000 
7702.860242 138.000000 
7706.234993 142.000000 
7709.609703 186.000000 
7712.984372 150.000000 
7716.359000 158.000000 
7719.733586 150.000000 
7723.108132 165.000000 
7726.482636 154.000000 
7729.857099 166.000000 
7733.231521 155.000000 
7736.605902 157.000000 
7739.980242 154.000000 
7743.354540 152.000000 
7746.728798 162.000000 
7750.103014 144.000000 
7753.477190 171.000000 
7756.851324 158.000000 
7760.225417 150.000000 
7763.599469 157.000000 
7766.973479 175.000000 
7770.347449 163.000000 
7773.721377 197.000000 
7777.095265 180.000000 
7780.469111 157.000000 
7783.842916 167.000000 
7787.216680 147.000000 
7790.590403 157.000000 
7793.964085 185.000000 
7797.337726 158.000000 
7800.711326 163.000000 
7804.084884 163.000000 
7807.458402 178.000000 
7810.831878 154.000000 
7814.205313 148.000000 
7817.578708 161.000000 
7820.952061 160.000000 
7824.325373 179.000000 
7827.698643 175.000000 
7831.071873 142.000000 
7834.445062 151.000000 
7837.818210 179.000000 
7841.191316 146.000000 
7844.564381 173.000000 
7847.937406 161.000000 
7851.310389 157.000000 
7854.683331 161.000000 
7858.056232 166.000000 
7861.429092 152.000000 
7864.801911 173.000000 
7868.174689 163.000000 
7871.547426 145.000000 
7874.920122 192.000000 
7878.292777 152.000000 
7881.665390 188.000000 
7885.037963 164.000000 
7888.410494 174.000000 
7891.782985 142.000000 
7895.155434 152.000000 
7898.527842 156.000000 
7901.900209 172.000000 
7905.272536 172.000000 
7908.644821 177.000000 
7912.017065 153.000000 
7915.389268 152.000000 
7918.761430 153.000000 
7922.133551 163.000000 
7925.505630 164.000000 
7928.877669 171.000000 
7932.249667 158.000000 
7935.621624 171.000000 
7938.993539 184.000000 
7942.365414 143.000000 
7945.737248 146.000000 
7949.109040 153.000000 
7952.480792 150.000000 
7955.852502 166.000000 
7959.224172 156.000000 
7962.595800 141.000000 
7965.967388 162.000000 
7969.338934 161.000000 
7972.710439 188.000000 
7976.081904 176.000000 
7979.453327 176.000000 
7982.824709 154.000000 
7986.196050 180.000000 
7989.567351 137.000000 
7992.938610 181.000000 
7996.309828 185.000000 
7999.681005 175.000000 
8003.052141 154.000000 
8006.423236 144.000000 
8009.794291 171.000000 
8013.165304 170.000000 
8016.536276 183.000000 
8019.907207 145.000000 
8023.278097 156.000000 
8026.648946 151.000000 
8030.019754 152.000000 
8033.390521 141.000000 
8036.761247 160.000000 
8040.131933 165.000000 
8043.502577 200.000000 
8046.873180 163.000000 
8050.243742 146.000000 
8053.614263 158.000000 
8056.984743 151.000000 
8060.355182 178.000000 
8063.725580 179.000000 
8067.095938 174.000000 
8070.466254 160.000000 
8073.836529 171.000000 
8077.206763 135.000000 
8080.576957 172.000000 
8083.947109 173.000000 
8087.317220 142.000000 
8090.687290 138.000000 
8094.057320 149.000000 
8097.427308 140.000000 
8100.797255 166.000000 
8104.167162 185.000000 
8107.537027 164.000000 
