6756.305698 322.000000 
6759.692030 320.000000 
6763.078319 334.000000 
6766.464567 327.000000 
6769.850774 341.000000 
6773.236939 329.000000 
6776.623062 322.000000 
6780.009144 312.000000 
6783.395184 335.000000 
6786.781183 300.000000 
6790.167140 342.000000 
6793.553056 324.000000 
6796.938930 362.000000 
6800.324762 328.000000 
6803.710553 363.000000 
6807.096303 333.000000 
6810.482010 318.000000 
6813.867677 302.000000 
6817.253302 326.000000 
6820.638885 311.000000 
6824.024427 323.000000 
6827.409927 324.000000 
6830.795385 325.000000 
6834.180802 317.000000 
6837.566178 333.000000 
6840.951512 323.000000 
6844.336804 308.000000 
6847.722055 309.000000 
6851.107265 291.000000 
6854.492432 346.000000 
6857.877559 337.000000 
6861.262643 295.000000 
6864.647687 341.000000 
6868.032688 351.000000 
6871.417649 295.000000 
6874.802567 345.000000 
6878.187445 329.000000 
6881.572280 349.000000 
6884.957075 337.000000 
6888.341827 344.000000 
6891.726538 348.000000 
6895.111208 331.000000 
6898.495836 302.000000 
6901.880423 334.000000 
6905.264968 338.000000 
6908.649471 330.000000 
6912.033934 314.000000 
6915.418354 297.000000 
6918.802733 309.000000 
6922.187071 331.000000 
6925.571367 306.000000 
6928.955621 350.000000 
6932.339835 313.000000 
6935.724006 323.000000 
6939.108136 327.000000 
6942.492225 352.000000 
6945.876272 325.000000 
6949.260278 338.000000 
6952.644242 307.000000 
6956.028165 356.000000 
6959.412046 330.000000 
6962.795886 320.000000 
6966.179684 341.000000 
6969.563441 316.000000 
6972.947156 336.000000 
6976.330830 353.000000 
6979.714462 312.000000 
6983.098053 330.000000 
6986.481603 340.000000 
6989.865111 341.000000 
6993.248577 313.000000 
6996.632002 342.000000 
7000.015386 344.000000 
7003.398728 294.000000 
7006.782028 366.000000 
7010.165288 342.000000 
7013.548505 339.000000 
7016.931682 353.000000 
7020.314816 332.000000 
7023.697910 347.000000 
7027.080962 323.000000 
7030.463972 328.000000 
7033.846941 335.000000 
7037.229869 334.000000 
7040.612755 326.000000 
7043.995600 359.000000 
7047.378403 368.000000 
7050.761165 350.000000 
7054.143885 340.000000 
7057.526564 341.000000 
7060.909202 354.000000 
7064.291798 329.000000 
7067.674352 375.000000 
7071.056865 378.000000 
7074.439337 469.000000 
7077.821768 579.000000 
7081.204156 504.000000 
7084.586504 469.000000 
7087.968810 443.000000 
7091.351075 400.000000 
7094.733298 361.000000 
7098.115480 365.000000 
7101.497620 351.000000 
7104.879719 352.000000 
7108.261777 345.000000 
7111.643793 370.000000 
7115.025767 353.000000 
7118.407701 330.000000 
7121.789593 322.000000 
7125.171443 361.000000 
7128.553252 343.000000 
7131.935020 342.000000 
7135.316746 372.000000 
7138.698431 448.000000 
7142.080075 456.000000 
7145.461677 644.000000 
7148.843237 766.000000 
7152.224757 763.000000 
7155.606235 532.000000 
7158.987671 484.000000 
7162.369066 405.000000 
7165.750420 393.000000 
7169.131733 377.000000 
7172.513004 416.000000 
7175.894233 343.000000 
7179.275421 377.000000 
7182.656568 363.000000 
7186.037674 344.000000 
7189.418738 322.000000 
7192.799760 331.000000 
7196.180742 360.000000 
7199.561682 315.000000 
7202.942580 362.000000 
7206.323437 355.000000 
7209.704253 336.000000 
7213.085028 363.000000 
7216.465761 347.000000 
7219.846453 365.000000 
7223.227103 350.000000 
7226.607712 328.000000 
7229.988280 301.000000 
7233.368806 323.000000 
7236.749291 337.000000 
7240.129735 353.000000 
7243.510137 347.000000 
7246.890498 353.000000 
7250.270817 305.000000 
7253.651095 360.000000 
7257.031332 328.000000 
7260.411528 348.000000 
7263.791682 341.000000 
7267.171795 345.000000 
7270.551866 330.000000 
7273.931896 349.000000 
7277.311885 363.000000 
7280.691832 349.000000 
7284.071739 301.000000 
7287.451603 366.000000 
7290.831427 364.000000 
7294.211209 453.000000 
7297.590950 415.000000 
7300.970649 557.000000 
7304.350307 593.000000 
7307.729924 724.000000 
7311.109500 670.000000 
7314.489034 556.000000 
7317.868527 414.000000 
7321.247978 420.000000 
7324.627388 416.000000 
7328.006757 359.000000 
7331.386085 364.000000 
7334.765371 346.000000 
7338.144616 373.000000 
7341.523820 359.000000 
7344.902982 336.000000 
7348.282103 366.000000 
7351.661183 341.000000 
7355.040221 361.000000 
7358.419218 372.000000 
7361.798174 337.000000 
7365.177089 338.000000 
7368.555962 345.000000 
7371.934794 355.000000 
7375.313585 316.000000 
7378.692334 317.000000 
7382.071042 303.000000 
7385.449709 313.000000 
7388.828334 408.000000 
7392.206918 306.000000 
7395.585461 362.000000 
7398.963963 384.000000 
7402.342423 319.000000 
7405.720842 305.000000 
7409.099220 303.000000 
7412.477556 364.000000 
7415.855852 325.000000 
7419.234106 297.000000 
7422.612318 345.000000 
7425.990490 332.000000 
7429.368620 320.000000 
7432.746709 315.000000 
7436.124756 333.000000 
7439.502763 352.000000 
7442.880728 363.000000 
7446.258652 324.000000 
7449.636534 368.000000 
7453.014375 351.000000 
7456.392175 326.000000 
7459.769934 347.000000 
7463.147652 337.000000 
7466.525328 339.000000 
7469.902963 322.000000 
7473.280557 334.000000 
7476.658109 308.000000 
7480.035621 310.000000 
7483.413091 336.000000 
7486.790519 344.000000 
7490.167907 337.000000 
7493.545253 353.000000 
7496.922558 323.000000 
7500.299822 350.000000 
7503.677045 331.000000 
7507.054226 339.000000 
7510.431366 296.000000 
7513.808465 341.000000 
7517.185523 324.000000 
7520.562539 331.000000 
7523.939514 301.000000 
7527.316448 323.000000 
7530.693341 329.000000 
7534.070192 352.000000 
7537.447003 331.000000 
7540.823772 310.000000 
7544.200500 336.000000 
7547.577186 308.000000 
7550.953832 353.000000 
7554.330436 308.000000 
7557.706999 348.000000 
7561.083521 349.000000 
7564.460001 342.000000 
7567.836441 364.000000 
7571.212839 343.000000 
7574.589196 324.000000 
7577.965512 311.000000 
7581.341786 316.000000 
7584.718019 346.000000 
7588.094212 347.000000 
7591.470362 366.000000 
7594.846472 334.000000 
7598.222541 318.000000 
7601.598568 333.000000 
7604.974554 311.000000 
7608.350499 285.000000 
7611.726403 312.000000 
7615.102266 338.000000 
7618.478087 325.000000 
7621.853867 318.000000 
7625.229606 334.000000 
7628.605304 317.000000 
7631.980961 304.000000 
7635.356577 361.000000 
7638.732151 336.000000 
7642.107684 356.000000 
7645.483176 314.000000 
7648.858627 357.000000 
7652.234037 362.000000 
7655.609405 348.000000 
7658.984732 302.000000 
7662.360019 328.000000 
7665.735264 315.000000 
7669.110467 354.000000 
7672.485630 305.000000 
7675.860752 333.000000 
7679.235832 309.000000 
7682.610871 344.000000 
7685.985869 347.000000 
7689.360826 332.000000 
7692.735742 318.000000 
7696.110616 327.000000 
7699.485450 306.000000 
7702.860242 336.000000 
7706.234993 352.000000 
7709.609703 345.000000 
7712.984372 356.000000 
7716.359000 347.000000 
7719.733586 313.000000 
7723.108132 333.000000 
7726.482636 345.000000 
7729.857099 342.000000 
7733.231521 348.000000 
7736.605902 318.000000 
7739.980242 331.000000 
7743.354540 328.000000 
7746.728798 354.000000 
7750.103014 339.000000 
7753.477190 314.000000 
7756.851324 346.000000 
7760.225417 328.000000 
7763.599469 360.000000 
7766.973479 358.000000 
7770.347449 381.000000 
7773.721377 338.000000 
7777.095265 301.000000 
7780.469111 325.000000 
7783.842916 321.000000 
7787.216680 331.000000 
7790.590403 345.000000 
7793.964085 324.000000 
7797.337726 303.000000 
7800.711326 343.000000 
7804.084884 342.000000 
7807.458402 330.000000 
7810.831878 346.000000 
7814.205313 351.000000 
7817.578708 301.000000 
7820.952061 302.000000 
7824.325373 321.000000 
7827.698643 333.000000 
7831.071873 342.000000 
7834.445062 343.000000 
7837.818210 331.000000 
7841.191316 315.000000 
7844.564381 314.000000 
7847.937406 335.000000 
7851.310389 347.000000 
7854.683331 345.000000 
7858.056232 315.000000 
7861.429092 339.000000 
7864.801911 359.000000 
7868.174689 347.000000 
7871.547426 348.000000 
7874.920122 336.000000 
7878.292777 306.000000 
7881.665390 321.000000 
7885.037963 308.000000 
7888.410494 350.000000 
7891.782985 325.000000 
7895.155434 319.000000 
7898.527842 323.000000 
7901.900209 367.000000 
7905.272536 354.000000 
7908.644821 343.000000 
7912.017065 350.000000 
7915.389268 356.000000 
7918.761430 356.000000 
7922.133551 352.000000 
7925.505630 329.000000 
7928.877669 303.000000 
7932.249667 362.000000 
7935.621624 329.000000 
7938.993539 328.000000 
7942.365414 349.000000 
7945.737248 306.000000 
7949.109040 333.000000 
7952.480792 342.000000 
7955.852502 332.000000 
7959.224172 319.000000 
7962.595800 355.000000 
7965.967388 354.000000 
7969.338934 345.000000 
7972.710439 322.000000 
7976.081904 341.000000 
7979.453327 336.000000 
7982.824709 354.000000 
7986.196050 346.000000 
7989.567351 349.000000 
7992.938610 345.000000 
7996.309828 349.000000 
7999.681005 340.000000 
8003.052141 347.000000 
8006.423236 332.000000 
8009.794291 360.000000 
8013.165304 377.000000 
8016.536276 343.000000 
8019.907207 351.000000 
8023.278097 330.000000 
8026.648946 341.000000 
8030.019754 315.000000 
8033.390521 349.000000 
8036.761247 339.000000 
8040.131933 353.000000 
8043.502577 335.000000 
8046.873180 331.000000 
8050.243742 364.000000 
8053.614263 345.000000 
8056.984743 326.000000 
8060.355182 337.000000 
8063.725580 330.000000 
8067.095938 337.000000 
8070.466254 351.000000 
8073.836529 358.000000 
8077.206763 317.000000 
8080.576957 325.000000 
8083.947109 313.000000 
8087.317220 320.000000 
8090.687290 329.000000 
8094.057320 339.000000 
8097.427308 345.000000 
8100.797255 335.000000 
8104.167162 326.000000 
8107.537027 328.000000 
