6756.305698 386.000000 
6759.692030 379.000000 
6763.078319 403.000000 
6766.464567 408.000000 
6769.850774 365.000000 
6773.236939 371.000000 
6776.623062 353.000000 
6780.009144 431.000000 
6783.395184 393.000000 
6786.781183 417.000000 
6790.167140 419.000000 
6793.553056 389.000000 
6796.938930 424.000000 
6800.324762 395.000000 
6803.710553 392.000000 
6807.096303 347.000000 
6810.482010 326.000000 
6813.867677 390.000000 
6817.253302 403.000000 
6820.638885 403.000000 
6824.024427 361.000000 
6827.409927 400.000000 
6830.795385 398.000000 
6834.180802 426.000000 
6837.566178 376.000000 
6840.951512 387.000000 
6844.336804 425.000000 
6847.722055 361.000000 
6851.107265 388.000000 
6854.492432 383.000000 
6857.877559 356.000000 
6861.262643 381.000000 
6864.647687 342.000000 
6868.032688 397.000000 
6871.417649 364.000000 
6874.802567 383.000000 
6878.187445 423.000000 
6881.572280 385.000000 
6884.957075 404.000000 
6888.341827 406.000000 
6891.726538 399.000000 
6895.111208 446.000000 
6898.495836 361.000000 
6901.880423 401.000000 
6905.264968 389.000000 
6908.649471 424.000000 
6912.033934 419.000000 
6915.418354 432.000000 
6918.802733 401.000000 
6922.187071 379.000000 
6925.571367 395.000000 
6928.955621 408.000000 
6932.339835 402.000000 
6935.724006 357.000000 
6939.108136 377.000000 
6942.492225 355.000000 
6945.876272 412.000000 
6949.260278 400.000000 
6952.644242 400.000000 
6956.028165 378.000000 
6959.412046 402.000000 
6962.795886 376.000000 
6966.179684 370.000000 
6969.563441 383.000000 
6972.947156 405.000000 
6976.330830 392.000000 
6979.714462 393.000000 
6983.098053 373.000000 
6986.481603 375.000000 
6989.865111 387.000000 
6993.248577 372.000000 
6996.632002 366.000000 
7000.015386 353.000000 
7003.398728 388.000000 
7006.782028 401.000000 
7010.165288 360.000000 
7013.548505 383.000000 
7016.931682 362.000000 
7020.314816 416.000000 
7023.697910 416.000000 
7027.080962 342.000000 
7030.463972 384.000000 
7033.846941 389.000000 
7037.229869 410.000000 
7040.612755 379.000000 
7043.995600 412.000000 
7047.378403 402.000000 
7050.761165 377.000000 
7054.143885 380.000000 
7057.526564 385.000000 
7060.909202 362.000000 
7064.291798 384.000000 
7067.674352 421.000000 
7071.056865 450.000000 
7074.439337 544.000000 
7077.821768 500.000000 
7081.204156 588.000000 
7084.586504 500.000000 
7087.968810 496.000000 
7091.351075 410.000000 
7094.733298 400.000000 
7098.115480 393.000000 
7101.497620 425.000000 
7104.879719 372.000000 
7108.261777 385.000000 
7111.643793 381.000000 
7115.025767 376.000000 
7118.407701 383.000000 
7121.789593 399.000000 
7125.171443 418.000000 
7128.553252 385.000000 
7131.935020 391.000000 
7135.316746 400.000000 
7138.698431 430.000000 
7142.080075 447.000000 
7145.461677 479.000000 
7148.843237 643.000000 
7152.224757 659.000000 
7155.606235 499.000000 
7158.987671 474.000000 
7162.369066 421.000000 
7165.750420 438.000000 
7169.131733 413.000000 
7172.513004 427.000000 
7175.894233 395.000000 
7179.275421 404.000000 
7182.656568 373.000000 
7186.037674 383.000000 
7189.418738 384.000000 
7192.799760 426.000000 
7196.180742 382.000000 
7199.561682 380.000000 
7202.942580 379.000000 
7206.323437 404.000000 
7209.704253 352.000000 
7213.085028 402.000000 
7216.465761 366.000000 
7219.846453 394.000000 
7223.227103 411.000000 
7226.607712 439.000000 
7229.988280 404.000000 
7233.368806 361.000000 
7236.749291 332.000000 
7240.129735 420.000000 
7243.510137 343.000000 
7246.890498 399.000000 
7250.270817 395.000000 
7253.651095 409.000000 
7257.031332 413.000000 
7260.411528 411.000000 
7263.791682 394.000000 
7267.171795 398.000000 
7270.551866 414.000000 
7273.931896 416.000000 
7277.311885 386.000000 
7280.691832 364.000000 
7284.071739 392.000000 
7287.451603 413.000000 
7290.831427 419.000000 
7294.211209 419.000000 
7297.590950 472.000000 
7300.970649 529.000000 
7304.350307 630.000000 
7307.729924 746.000000 
7311.109500 639.000000 
7314.489034 579.000000 
7317.868527 490.000000 
7321.247978 489.000000 
7324.627388 426.000000 
7328.006757 415.000000 
7331.386085 404.000000 
7334.765371 380.000000 
7338.144616 408.000000 
7341.523820 353.000000 
7344.902982 399.000000 
7348.282103 375.000000 
7351.661183 423.000000 
7355.040221 392.000000 
7358.419218 377.000000 
7361.798174 396.000000 
7365.177089 361.000000 
7368.555962 382.000000 
7371.934794 398.000000 
7375.313585 386.000000 
7378.692334 379.000000 
7382.071042 384.000000 
7385.449709 371.000000 
7388.828334 382.000000 
7392.206918 380.000000 
7395.585461 401.000000 
7398.963963 357.000000 
7402.342423 378.000000 
7405.720842 372.000000 
7409.099220 406.000000 
7412.477556 367.000000 
7415.855852 387.000000 
7419.234106 409.000000 
7422.612318 370.000000 
7425.990490 408.000000 
7429.368620 374.000000 
7432.746709 371.000000 
7436.124756 372.000000 
7439.502763 395.000000 
7442.880728 416.000000 
7446.258652 394.000000 
7449.636534 387.000000 
7453.014375 385.000000 
7456.392175 370.000000 
7459.769934 407.000000 
7463.147652 399.000000 
7466.525328 381.000000 
7469.902963 375.000000 
7473.280557 378.000000 
7476.658109 384.000000 
7480.035621 402.000000 
7483.413091 360.000000 
7486.790519 411.000000 
7490.167907 371.000000 
7493.545253 382.000000 
7496.922558 370.000000 
7500.299822 376.000000 
7503.677045 384.000000 
7507.054226 360.000000 
7510.431366 406.000000 
7513.808465 383.000000 
7517.185523 385.000000 
7520.562539 365.000000 
7523.939514 382.000000 
7527.316448 391.000000 
7530.693341 382.000000 
7534.070192 391.000000 
7537.447003 389.000000 
7540.823772 392.000000 
7544.200500 419.000000 
7547.577186 387.000000 
7550.953832 391.000000 
7554.330436 370.000000 
7557.706999 379.000000 
7561.083521 402.000000 
7564.460001 407.000000 
7567.836441 361.000000 
7571.212839 387.000000 
7574.589196 380.000000 
7577.965512 364.000000 
7581.341786 365.000000 
7584.718019 378.000000 
7588.094212 384.000000 
7591.470362 384.000000 
7594.846472 360.000000 
7598.222541 355.000000 
7601.598568 385.000000 
7604.974554 388.000000 
7608.350499 362.000000 
7611.726403 375.000000 
7615.102266 379.000000 
7618.478087 398.000000 
7621.853867 362.000000 
7625.229606 391.000000 
7628.605304 369.000000 
7631.980961 389.000000 
7635.356577 385.000000 
7638.732151 412.000000 
7642.107684 392.000000 
7645.483176 378.000000 
7648.858627 355.000000 
7652.234037 335.000000 
7655.609405 399.000000 
7658.984732 379.000000 
7662.360019 378.000000 
7665.735264 374.000000 
7669.110467 376.000000 
7672.485630 378.000000 
7675.860752 401.000000 
7679.235832 358.000000 
7682.610871 406.000000 
7685.985869 400.000000 
7689.360826 379.000000 
7692.735742 409.000000 
7696.110616 398.000000 
7699.485450 377.000000 
7702.860242 376.000000 
7706.234993 387.000000 
7709.609703 358.000000 
7712.984372 391.000000 
7716.359000 392.000000 
7719.733586 410.000000 
7723.108132 380.000000 
7726.482636 392.000000 
7729.857099 388.000000 
7733.231521 381.000000 
7736.605902 384.000000 
7739.980242 390.000000 
7743.354540 356.000000 
7746.728798 411.000000 
7750.103014 374.000000 
7753.477190 358.000000 
7756.851324 388.000000 
7760.225417 367.000000 
7763.599469 391.000000 
7766.973479 410.000000 
7770.347449 419.000000 
7773.721377 370.000000 
7777.095265 382.000000 
7780.469111 398.000000 
7783.842916 359.000000 
7787.216680 348.000000 
7790.590403 397.000000 
7793.964085 359.000000 
7797.337726 393.000000 
7800.711326 431.000000 
7804.084884 386.000000 
7807.458402 421.000000 
7810.831878 385.000000 
7814.205313 354.000000 
7817.578708 365.000000 
7820.952061 390.000000 
7824.325373 420.000000 
7827.698643 367.000000 
7831.071873 381.000000 
7834.445062 376.000000 
7837.818210 373.000000 
7841.191316 396.000000 
7844.564381 396.000000 
7847.937406 393.000000 
7851.310389 350.000000 
7854.683331 365.000000 
7858.056232 383.000000 
7861.429092 389.000000 
7864.801911 370.000000 
7868.174689 349.000000 
7871.547426 380.000000 
7874.920122 355.000000 
7878.292777 362.000000 
7881.665390 395.000000 
7885.037963 401.000000 
7888.410494 376.000000 
7891.782985 383.000000 
7895.155434 406.000000 
7898.527842 361.000000 
7901.900209 379.000000 
7905.272536 408.000000 
7908.644821 384.000000 
7912.017065 396.000000 
7915.389268 411.000000 
7918.761430 401.000000 
7922.133551 391.000000 
7925.505630 368.000000 
7928.877669 356.000000 
7932.249667 376.000000 
7935.621624 374.000000 
7938.993539 415.000000 
7942.365414 397.000000 
7945.737248 411.000000 
7949.109040 366.000000 
7952.480792 366.000000 
7955.852502 377.000000 
7959.224172 376.000000 
7962.595800 394.000000 
7965.967388 365.000000 
7969.338934 376.000000 
7972.710439 389.000000 
7976.081904 400.000000 
7979.453327 377.000000 
7982.824709 354.000000 
7986.196050 359.000000 
7989.567351 420.000000 
7992.938610 379.000000 
7996.309828 348.000000 
7999.681005 391.000000 
8003.052141 389.000000 
8006.423236 399.000000 
8009.794291 401.000000 
8013.165304 388.000000 
8016.536276 369.000000 
8019.907207 352.000000 
8023.278097 343.000000 
8026.648946 395.000000 
8030.019754 404.000000 
8033.390521 392.000000 
8036.761247 380.000000 
8040.131933 408.000000 
8043.502577 381.000000 
8046.873180 385.000000 
8050.243742 417.000000 
8053.614263 407.000000 
8056.984743 424.000000 
8060.355182 362.000000 
8063.725580 378.000000 
8067.095938 398.000000 
8070.466254 374.000000 
8073.836529 393.000000 
8077.206763 391.000000 
8080.576957 403.000000 
8083.947109 385.000000 
8087.317220 393.000000 
8090.687290 377.000000 
8094.057320 391.000000 
8097.427308 383.000000 
8100.797255 386.000000 
8104.167162 410.000000 
8107.537027 397.000000 
