6756.305698 307.000000 
6769.850774 326.000000 
6783.395184 334.000000 
6796.938930 296.000000 
6810.482010 337.000000 
6824.024427 335.000000 
6837.566178 351.000000 
6851.107265 296.000000 
6864.647687 282.000000 
6878.187445 337.000000 
6891.726538 304.000000 
6905.264968 321.000000 
6918.802733 331.000000 
6932.339835 341.000000 
6945.876272 340.000000 
6959.412046 303.000000 
6972.947156 332.000000 
6986.481603 324.000000 
7000.015386 262.000000 
7013.548505 315.000000 
7027.080962 332.000000 
7040.612755 330.000000 
7054.143885 321.000000 
7067.674352 349.000000 
7081.204156 517.000000 
7094.733298 334.000000 
7108.261777 344.000000 
7121.789593 330.000000 
7135.316746 314.000000 
7148.843237 579.000000 
7162.369066 478.000000 
7175.894233 382.000000 
7189.418738 351.000000 
7202.942580 318.000000 
7216.465761 314.000000 
7229.988280 297.000000 
7243.510137 352.000000 
7257.031332 339.000000 
7270.551866 292.000000 
7284.071739 315.000000 
7297.590950 385.000000 
7311.109500 530.000000 
7324.627388 374.000000 
7338.144616 359.000000 
7351.661183 343.000000 
7365.177089 328.000000 
7378.692334 309.000000 
7392.206918 325.000000 
7405.720842 303.000000 
7419.234106 334.000000 
7432.746709 322.000000 
7446.258652 277.000000 
7459.769934 324.000000 
7473.280557 321.000000 
7486.790519 317.000000 
7500.299822 294.000000 
7513.808465 310.000000 
7527.316448 320.000000 
7540.823772 308.000000 
7554.330436 312.000000 
7567.836441 328.000000 
7581.341786 312.000000 
7594.846472 304.000000 
7608.350499 298.000000 
7621.853867 320.000000 
7635.356577 317.000000 
7648.858627 301.000000 
7662.360019 290.000000 
7675.860752 339.000000 
7689.360826 309.000000 
7702.860242 333.000000 
7716.359000 323.000000 
7729.857099 335.000000 
7743.354540 312.000000 
7756.851324 300.000000 
7770.347449 302.000000 
7783.842916 302.000000 
7797.337726 300.000000 
7810.831878 311.000000 
7824.325373 344.000000 
7837.818210 257.000000 
7851.310389 318.000000 
7864.801911 330.000000 
7878.292777 310.000000 
7891.782985 308.000000 
7905.272536 325.000000 
7918.761430 325.000000 
7932.249667 303.000000 
7945.737248 304.000000 
7959.224172 288.000000 
7972.710439 342.000000 
7986.196050 328.000000 
7999.681005 333.000000 
8013.165304 298.000000 
8026.648946 311.000000 
8040.131933 297.000000 
8053.614263 312.000000 
8067.095938 340.000000 
8080.576957 274.000000 
8094.057320 324.000000 
8107.537027 312.000000 
8121.016080 320.000000 
8134.494476 317.000000 
8147.972218 330.000000 
8161.449304 310.000000 
8174.925736 345.000000 
8188.401512 348.000000 
8201.876634 333.000000 
8215.351100 324.000000 
8228.824912 323.000000 
8242.298070 321.000000 
