-101.649236 322.000000 
-98.176568 344.000000 
-94.703945 327.000000 
-91.231367 319.000000 
-87.758833 332.000000 
-84.286345 309.000000 
-80.813901 296.000000 
-77.341501 307.000000 
-73.869147 324.000000 
-70.396838 341.000000 
-66.924573 346.000000 
-63.452353 324.000000 
-59.980178 371.000000 
-56.508048 322.000000 
-53.035963 347.000000 
-49.563922 333.000000 
-46.091927 322.000000 
-42.619976 345.000000 
-39.148070 294.000000 
-35.676208 344.000000 
-32.204392 362.000000 
-28.732620 338.000000 
-25.260893 370.000000 
-21.789211 339.000000 
-18.317574 357.000000 
-14.845981 303.000000 
-11.374433 311.000000 
-7.902931 333.000000 
-4.431472 313.000000 
-0.960059 307.000000 
2.511310 344.000000 
5.982633 323.000000 
9.453912 326.000000 
12.925147 332.000000 
16.396336 318.000000 
19.867481 317.000000 
23.338581 326.000000 
26.809636 321.000000 
30.280646 295.000000 
33.751612 348.000000 
37.222533 347.000000 
40.693409 366.000000 
44.164240 322.000000 
47.635027 363.000000 
51.105768 343.000000 
54.576465 318.000000 
58.047118 337.000000 
61.517725 288.000000 
64.988288 323.000000 
68.458806 339.000000 
71.929279 342.000000 
75.399707 327.000000 
78.870091 344.000000 
82.340430 311.000000 
85.810725 330.000000 
89.280974 323.000000 
92.751179 314.000000 
96.221339 318.000000 
99.691454 322.000000 
103.161525 336.000000 
106.631551 298.000000 
110.101532 299.000000 
113.571468 335.000000 
117.041360 308.000000 
120.511207 335.000000 
123.981009 318.000000 
127.450766 312.000000 
130.920479 324.000000 
134.390147 336.000000 
137.859770 306.000000 
141.329349 341.000000 
144.798883 342.000000 
148.268372 324.000000 
151.737817 317.000000 
155.207216 336.000000 
158.676571 317.000000 
162.145882 353.000000 
165.615147 314.000000 
169.084368 325.000000 
172.553544 336.000000 
176.022676 338.000000 
179.491763 334.000000 
182.960805 360.000000 
186.429802 321.000000 
189.898755 332.000000 
193.367663 356.000000 
196.836527 294.000000 
200.305345 305.000000 
203.774119 321.000000 
207.242849 331.000000 
210.711533 305.000000 
214.180173 289.000000 
217.648769 351.000000 
221.117319 362.000000 
224.585825 327.000000 
228.054286 336.000000 
231.522703 338.000000 
234.991075 331.000000 
238.459402 291.000000 
241.927685 301.000000 
245.395923 351.000000 
248.864116 346.000000 
252.332265 345.000000 
255.800368 315.000000 
259.268428 331.000000 
262.736442 315.000000 
266.204412 326.000000 
269.672338 306.000000 
273.140218 354.000000 
276.608054 362.000000 
280.075846 334.000000 
283.543593 334.000000 
287.011295 338.000000 
290.478952 321.000000 
293.946565 338.000000 
297.414133 384.000000 
300.881657 468.000000 
304.349136 480.000000 
307.816570 416.000000 
311.283959 402.000000 
314.751305 383.000000 
318.218605 368.000000 
321.685861 332.000000 
325.153072 310.000000 
328.620238 357.000000 
332.087360 315.000000 
335.554437 341.000000 
339.021470 315.000000 
342.488458 318.000000 
345.955402 303.000000 
349.422300 307.000000 
352.889155 324.000000 
356.355964 294.000000 
359.822729 327.000000 
363.289450 301.000000 
366.756125 367.000000 
370.222757 310.000000 
373.689343 330.000000 
377.155885 334.000000 
380.622382 312.000000 
384.088835 324.000000 
387.555243 324.000000 
391.021607 305.000000 
394.487926 338.000000 
397.954201 305.000000 
401.420430 352.000000 
404.886616 342.000000 
408.352756 322.000000 
411.818852 339.000000 
415.284904 332.000000 
418.750911 361.000000 
422.216873 343.000000 
425.682791 355.000000 
429.148664 315.000000 
432.614493 371.000000 
436.080277 362.000000 
439.546016 342.000000 
443.011711 381.000000 
446.477362 345.000000 
449.942967 483.000000 
453.408529 545.000000 
456.874045 602.000000 
460.339517 834.000000 
463.804945 799.000000 
467.270328 709.000000 
470.735667 603.000000 
474.200961 492.000000 
477.666210 431.000000 
481.131415 388.000000 
484.596575 362.000000 
488.061691 372.000000 
491.526762 371.000000 
494.991789 354.000000 
498.456771 368.000000 
501.921708 330.000000 
505.386601 364.000000 
508.851450 329.000000 
512.316254 330.000000 
515.781013 322.000000 
519.245728 335.000000 
522.710399 357.000000 
526.175024 321.000000 
529.639606 365.000000 
533.104143 307.000000 
536.568635 312.000000 
540.033083 326.000000 
543.497486 295.000000 
546.961845 318.000000 
550.426159 315.000000 
553.890429 328.000000 
557.354654 318.000000 
560.818835 352.000000 
564.282971 323.000000 
567.747063 332.000000 
571.211110 345.000000 
574.675113 326.000000 
578.139071 336.000000 
581.602985 326.000000 
585.066854 331.000000 
588.530678 328.000000 
591.994459 336.000000 
595.458195 313.000000 
598.921886 330.000000 
602.385533 343.000000 
605.849135 319.000000 
609.312693 298.000000 
612.776206 331.000000 
616.239675 323.000000 
619.703099 320.000000 
623.166479 300.000000 
626.629814 328.000000 
630.093105 323.000000 
633.556352 339.000000 
637.019554 346.000000 
640.482711 292.000000 
643.945824 344.000000 
647.408893 353.000000 
650.871917 334.000000 
654.334897 355.000000 
657.797832 322.000000 
661.260723 329.000000 
664.723569 352.000000 
668.186371 328.000000 
671.649128 337.000000 
675.111841 365.000000 
678.574510 349.000000 
682.037134 346.000000 
685.499714 356.000000 
688.962249 333.000000 
692.424739 346.000000 
695.887186 331.000000 
699.349588 353.000000 
702.811945 367.000000 
706.274258 355.000000 
709.736526 405.000000 
713.198751 441.000000 
716.660930 493.000000 
720.123065 906.000000 
723.585156 1645.000000 
727.047203 1659.000000 
730.509205 1531.000000 
733.971162 1021.000000 
737.433075 655.000000 
740.894944 645.000000 
744.356768 615.000000 
747.818548 470.000000 
751.280284 409.000000 
754.741975 408.000000 
758.203621 381.000000 
761.665224 337.000000 
765.126781 358.000000 
768.588295 350.000000 
772.049764 376.000000 
775.511189 354.000000 
778.972569 349.000000 
782.433905 338.000000 
785.895196 327.000000 
789.356443 342.000000 
792.817646 362.000000 
796.278804 350.000000 
799.739918 334.000000 
803.200987 365.000000 
806.662012 388.000000 
810.122993 315.000000 
813.583929 318.000000 
817.044821 293.000000 
820.505669 313.000000 
823.966472 340.000000 
827.427231 303.000000 
830.887945 305.000000 
834.348615 297.000000 
837.809241 329.000000 
841.269822 338.000000 
844.730359 308.000000 
848.190852 292.000000 
851.651300 361.000000 
855.111704 326.000000 
858.572064 312.000000 
862.032379 335.000000 
865.492650 340.000000 
868.952876 301.000000 
872.413058 351.000000 
875.873196 305.000000 
879.333289 343.000000 
882.793338 296.000000 
886.253343 305.000000 
889.713303 299.000000 
893.173219 319.000000 
896.633091 328.000000 
900.092918 318.000000 
903.552701 326.000000 
907.012440 309.000000 
910.472134 336.000000 
913.931784 328.000000 
917.391390 332.000000 
920.850951 337.000000 
924.310468 347.000000 
927.769941 354.000000 
931.229369 301.000000 
934.688753 338.000000 
938.148093 313.000000 
941.607388 285.000000 
945.066639 302.000000 
948.525846 348.000000 
951.985009 294.000000 
955.444127 314.000000 
958.903201 346.000000 
962.362230 343.000000 
965.821215 346.000000 
969.280156 327.000000 
972.739053 356.000000 
976.197905 338.000000 
979.656713 321.000000 
983.115477 302.000000 
986.574196 298.000000 
990.032871 328.000000 
993.491502 307.000000 
996.950089 336.000000 
1000.408631 298.000000 
1003.867129 345.000000 
1007.325582 339.000000 
1010.783992 299.000000 
1014.242357 327.000000 
1017.700678 316.000000 
1021.158954 325.000000 
1024.617186 366.000000 
1028.075374 303.000000 
1031.533518 358.000000 
1034.991617 315.000000 
1038.449672 325.000000 
1041.907683 337.000000 
1045.365650 329.000000 
1048.823572 296.000000 
1052.281450 298.000000 
1055.739284 299.000000 
1059.197074 357.000000 
1062.654819 293.000000 
1066.112520 340.000000 
1069.570177 311.000000 
1073.027789 307.000000 
1076.485358 296.000000 
1079.942882 325.000000 
1083.400361 300.000000 
1086.857797 285.000000 
1090.315188 304.000000 
1093.772535 307.000000 
1097.229838 316.000000 
1100.687097 319.000000 
1104.144311 307.000000 
1107.601481 317.000000 
1111.058607 346.000000 
1114.515688 321.000000 
1117.972726 331.000000 
1121.429719 336.000000 
1124.886668 299.000000 
1128.343572 321.000000 
1131.800433 316.000000 
1135.257249 314.000000 
1138.714021 310.000000 
1142.170749 300.000000 
1145.627433 326.000000 
1149.084072 346.000000 
1152.540667 351.000000 
1155.997218 284.000000 
1159.453725 288.000000 
1162.910187 314.000000 
1166.366605 309.000000 
1169.822979 323.000000 
1173.279309 305.000000 
1176.735595 315.000000 
1180.191837 298.000000 
1183.648034 320.000000 
1187.104187 335.000000 
1190.560296 304.000000 
1194.016360 304.000000 
1197.472381 311.000000 
1200.928357 333.000000 
1204.384289 330.000000 
1207.840177 360.000000 
1211.296021 334.000000 
1214.751821 308.000000 
1218.207576 366.000000 
1221.663287 326.000000 
1225.118954 308.000000 
1228.574577 310.000000 
1232.030156 297.000000 
1235.485690 341.000000 
1238.941180 295.000000 
1242.396626 341.000000 
1245.852029 329.000000 
1249.307386 318.000000 
1252.762700 316.000000 
1256.217969 292.000000 
1259.673195 315.000000 
1263.128376 325.000000 
1266.583513 314.000000 
1270.038606 293.000000 
1273.493654 328.000000 
1276.948659 338.000000 
1280.403619 290.000000 
1283.858535 341.000000 
