-101.649236 60.000000 
-98.176568 70.000000 
-94.703945 72.000000 
-91.231367 76.000000 
-87.758833 67.000000 
-84.286345 59.000000 
-80.813901 43.000000 
-77.341501 79.000000 
-73.869147 65.000000 
-70.396838 61.000000 
-66.924573 58.000000 
-63.452353 78.000000 
-59.980178 68.000000 
-56.508048 68.000000 
-53.035963 60.000000 
-49.563922 57.000000 
-46.091927 52.000000 
-42.619976 47.000000 
-39.148070 71.000000 
-35.676208 58.000000 
-32.204392 60.000000 
-28.732620 61.000000 
-25.260893 48.000000 
-21.789211 55.000000 
-18.317574 65.000000 
-14.845981 46.000000 
-11.374433 70.000000 
-7.902931 67.000000 
-4.431472 44.000000 
-0.960059 81.000000 
2.511310 70.000000 
5.982633 86.000000 
9.453912 74.000000 
12.925147 64.000000 
16.396336 66.000000 
19.867481 75.000000 
23.338581 72.000000 
26.809636 69.000000 
30.280646 72.000000 
33.751612 79.000000 
37.222533 78.000000 
40.693409 66.000000 
44.164240 70.000000 
47.635027 63.000000 
51.105768 59.000000 
54.576465 65.000000 
58.047118 79.000000 
61.517725 62.000000 
64.988288 92.000000 
68.458806 69.000000 
71.929279 53.000000 
75.399707 68.000000 
78.870091 62.000000 
82.340430 66.000000 
85.810725 54.000000 
89.280974 51.000000 
92.751179 66.000000 
96.221339 65.000000 
99.691454 65.000000 
103.161525 63.000000 
106.631551 68.000000 
110.101532 55.000000 
113.571468 51.000000 
117.041360 74.000000 
120.511207 63.000000 
123.981009 63.000000 
127.450766 80.000000 
130.920479 86.000000 
134.390147 75.000000 
137.859770 59.000000 
141.329349 75.000000 
144.798883 56.000000 
148.268372 66.000000 
151.737817 68.000000 
155.207216 62.000000 
158.676571 67.000000 
162.145882 64.000000 
165.615147 89.000000 
169.084368 75.000000 
172.553544 71.000000 
176.022676 68.000000 
179.491763 62.000000 
182.960805 64.000000 
186.429802 66.000000 
189.898755 73.000000 
193.367663 65.000000 
196.836527 53.000000 
200.305345 78.000000 
203.774119 72.000000 
207.242849 64.000000 
210.711533 73.000000 
214.180173 83.000000 
217.648769 69.000000 
221.117319 62.000000 
224.585825 67.000000 
228.054286 67.000000 
231.522703 72.000000 
234.991075 74.000000 
238.459402 65.000000 
241.927685 51.000000 
245.395923 61.000000 
248.864116 77.000000 
252.332265 74.000000 
255.800368 73.000000 
259.268428 65.000000 
262.736442 71.000000 
266.204412 72.000000 
269.672338 70.000000 
273.140218 71.000000 
276.608054 72.000000 
280.075846 63.000000 
283.543593 65.000000 
287.011295 58.000000 
290.478952 64.000000 
293.946565 76.000000 
297.414133 81.000000 
300.881657 70.000000 
304.349136 74.000000 
307.816570 85.000000 
311.283959 66.000000 
314.751305 66.000000 
318.218605 74.000000 
321.685861 73.000000 
325.153072 56.000000 
328.620238 64.000000 
332.087360 71.000000 
335.554437 67.000000 
339.021470 89.000000 
342.488458 74.000000 
345.955402 71.000000 
349.422300 63.000000 
352.889155 60.000000 
356.355964 68.000000 
359.822729 65.000000 
363.289450 78.000000 
366.756125 71.000000 
370.222757 59.000000 
373.689343 64.000000 
377.155885 63.000000 
380.622382 67.000000 
384.088835 61.000000 
387.555243 70.000000 
391.021607 69.000000 
394.487926 70.000000 
397.954201 74.000000 
401.420430 67.000000 
404.886616 52.000000 
408.352756 66.000000 
411.818852 60.000000 
415.284904 71.000000 
418.750911 56.000000 
422.216873 54.000000 
425.682791 68.000000 
429.148664 67.000000 
432.614493 60.000000 
436.080277 69.000000 
439.546016 72.000000 
443.011711 66.000000 
446.477362 79.000000 
449.942967 59.000000 
453.408529 62.000000 
456.874045 83.000000 
460.339517 87.000000 
463.804945 83.000000 
467.270328 94.000000 
470.735667 76.000000 
474.200961 80.000000 
477.666210 73.000000 
481.131415 69.000000 
484.596575 57.000000 
488.061691 59.000000 
491.526762 75.000000 
494.991789 74.000000 
498.456771 58.000000 
501.921708 61.000000 
505.386601 67.000000 
508.851450 67.000000 
512.316254 73.000000 
515.781013 71.000000 
519.245728 75.000000 
522.710399 70.000000 
526.175024 76.000000 
529.639606 67.000000 
533.104143 60.000000 
536.568635 68.000000 
540.033083 69.000000 
543.497486 81.000000 
546.961845 78.000000 
550.426159 49.000000 
553.890429 76.000000 
557.354654 67.000000 
560.818835 67.000000 
564.282971 60.000000 
567.747063 52.000000 
571.211110 63.000000 
574.675113 74.000000 
578.139071 54.000000 
581.602985 69.000000 
585.066854 61.000000 
588.530678 77.000000 
591.994459 64.000000 
595.458195 72.000000 
598.921886 72.000000 
602.385533 64.000000 
605.849135 70.000000 
609.312693 82.000000 
612.776206 71.000000 
616.239675 56.000000 
619.703099 59.000000 
623.166479 86.000000 
626.629814 69.000000 
630.093105 68.000000 
633.556352 64.000000 
637.019554 93.000000 
640.482711 63.000000 
643.945824 91.000000 
647.408893 71.000000 
650.871917 84.000000 
654.334897 55.000000 
657.797832 68.000000 
661.260723 61.000000 
664.723569 74.000000 
668.186371 76.000000 
671.649128 76.000000 
675.111841 80.000000 
678.574510 71.000000 
682.037134 53.000000 
685.499714 77.000000 
688.962249 62.000000 
692.424739 86.000000 
695.887186 70.000000 
699.349588 68.000000 
702.811945 66.000000 
706.274258 73.000000 
709.736526 65.000000 
713.198751 57.000000 
716.660930 80.000000 
720.123065 77.000000 
723.585156 83.000000 
727.047203 108.000000 
730.509205 106.000000 
733.971162 69.000000 
737.433075 94.000000 
740.894944 77.000000 
744.356768 62.000000 
747.818548 76.000000 
751.280284 77.000000 
754.741975 57.000000 
758.203621 67.000000 
761.665224 59.000000 
765.126781 77.000000 
768.588295 74.000000 
772.049764 63.000000 
775.511189 68.000000 
778.972569 63.000000 
782.433905 50.000000 
785.895196 62.000000 
789.356443 72.000000 
792.817646 55.000000 
796.278804 68.000000 
799.739918 63.000000 
803.200987 73.000000 
806.662012 43.000000 
810.122993 72.000000 
813.583929 74.000000 
817.044821 56.000000 
820.505669 63.000000 
823.966472 79.000000 
827.427231 68.000000 
830.887945 65.000000 
834.348615 68.000000 
837.809241 58.000000 
841.269822 74.000000 
844.730359 64.000000 
848.190852 65.000000 
851.651300 67.000000 
855.111704 69.000000 
858.572064 68.000000 
862.032379 63.000000 
865.492650 64.000000 
868.952876 54.000000 
872.413058 74.000000 
875.873196 67.000000 
879.333289 62.000000 
882.793338 70.000000 
886.253343 61.000000 
889.713303 71.000000 
893.173219 72.000000 
896.633091 77.000000 
900.092918 70.000000 
903.552701 67.000000 
907.012440 63.000000 
910.472134 78.000000 
913.931784 78.000000 
917.391390 77.000000 
920.850951 90.000000 
924.310468 48.000000 
927.769941 67.000000 
931.229369 76.000000 
934.688753 68.000000 
938.148093 81.000000 
941.607388 85.000000 
945.066639 81.000000 
948.525846 62.000000 
951.985009 64.000000 
955.444127 89.000000 
958.903201 67.000000 
962.362230 77.000000 
965.821215 61.000000 
969.280156 47.000000 
972.739053 64.000000 
976.197905 67.000000 
979.656713 80.000000 
983.115477 71.000000 
986.574196 74.000000 
990.032871 61.000000 
993.491502 57.000000 
996.950089 54.000000 
1000.408631 56.000000 
1003.867129 50.000000 
1007.325582 72.000000 
1010.783992 69.000000 
1014.242357 65.000000 
1017.700678 68.000000 
1021.158954 76.000000 
1024.617186 58.000000 
1028.075374 63.000000 
1031.533518 65.000000 
1034.991617 69.000000 
1038.449672 84.000000 
1041.907683 75.000000 
1045.365650 80.000000 
1048.823572 71.000000 
1052.281450 85.000000 
1055.739284 67.000000 
1059.197074 81.000000 
1062.654819 53.000000 
1066.112520 69.000000 
1069.570177 77.000000 
1073.027789 83.000000 
1076.485358 83.000000 
1079.942882 58.000000 
1083.400361 88.000000 
1086.857797 77.000000 
1090.315188 61.000000 
1093.772535 55.000000 
1097.229838 79.000000 
1100.687097 80.000000 
1104.144311 69.000000 
1107.601481 71.000000 
1111.058607 86.000000 
1114.515688 75.000000 
1117.972726 57.000000 
1121.429719 71.000000 
1124.886668 55.000000 
1128.343572 57.000000 
1131.800433 61.000000 
1135.257249 67.000000 
1138.714021 66.000000 
1142.170749 65.000000 
1145.627433 66.000000 
1149.084072 67.000000 
1152.540667 80.000000 
1155.997218 61.000000 
1159.453725 81.000000 
1162.910187 61.000000 
1166.366605 85.000000 
1169.822979 76.000000 
1173.279309 77.000000 
1176.735595 85.000000 
1180.191837 55.000000 
1183.648034 76.000000 
1187.104187 77.000000 
1190.560296 65.000000 
1194.016360 77.000000 
1197.472381 69.000000 
1200.928357 76.000000 
1204.384289 74.000000 
1207.840177 75.000000 
1211.296021 62.000000 
1214.751821 74.000000 
1218.207576 73.000000 
1221.663287 76.000000 
1225.118954 73.000000 
1228.574577 71.000000 
1232.030156 72.000000 
1235.485690 72.000000 
1238.941180 66.000000 
1242.396626 75.000000 
1245.852029 87.000000 
1249.307386 73.000000 
1252.762700 54.000000 
1256.217969 59.000000 
1259.673195 72.000000 
1263.128376 64.000000 
1266.583513 69.000000 
1270.038606 67.000000 
1273.493654 68.000000 
1276.948659 66.000000 
1280.403619 68.000000 
1283.858535 67.000000 
