6756.305698 446.000000 
6759.692030 442.000000 
6763.078319 461.000000 
6766.464567 444.000000 
6769.850774 456.000000 
6773.236939 457.000000 
6776.623062 443.000000 
6780.009144 430.000000 
6783.395184 477.000000 
6786.781183 423.000000 
6790.167140 484.000000 
6793.553056 447.000000 
6796.938930 468.000000 
6800.324762 487.000000 
6803.710553 432.000000 
6807.096303 404.000000 
6810.482010 480.000000 
6813.867677 504.000000 
6817.253302 434.000000 
6820.638885 448.000000 
6824.024427 441.000000 
6827.409927 433.000000 
6830.795385 460.000000 
6834.180802 459.000000 
6837.566178 436.000000 
6840.951512 448.000000 
6844.336804 467.000000 
6847.722055 419.000000 
6851.107265 418.000000 
6854.492432 449.000000 
6857.877559 440.000000 
6861.262643 422.000000 
6864.647687 450.000000 
6868.032688 442.000000 
6871.417649 447.000000 
6874.802567 471.000000 
6878.187445 455.000000 
6881.572280 477.000000 
6884.957075 467.000000 
6888.341827 458.000000 
6891.726538 432.000000 
6895.111208 454.000000 
6898.495836 454.000000 
6901.880423 476.000000 
6905.264968 477.000000 
6908.649471 464.000000 
6912.033934 418.000000 
6915.418354 498.000000 
6918.802733 460.000000 
6922.187071 437.000000 
6925.571367 450.000000 
6928.955621 443.000000 
6932.339835 452.000000 
6935.724006 473.000000 
6939.108136 482.000000 
6942.492225 494.000000 
6945.876272 441.000000 
6949.260278 473.000000 
6952.644242 442.000000 
6956.028165 465.000000 
6959.412046 435.000000 
6962.795886 461.000000 
6966.179684 439.000000 
6969.563441 443.000000 
6972.947156 425.000000 
6976.330830 488.000000 
6979.714462 469.000000 
6983.098053 452.000000 
6986.481603 425.000000 
6989.865111 469.000000 
6993.248577 442.000000 
6996.632002 418.000000 
7000.015386 433.000000 
7003.398728 425.000000 
7006.782028 429.000000 
7010.165288 466.000000 
7013.548505 472.000000 
7016.931682 461.000000 
7020.314816 437.000000 
7023.697910 429.000000 
7027.080962 434.000000 
7030.463972 486.000000 
7033.846941 448.000000 
7037.229869 450.000000 
7040.612755 441.000000 
7043.995600 440.000000 
7047.378403 437.000000 
7050.761165 430.000000 
7054.143885 447.000000 
7057.526564 444.000000 
7060.909202 484.000000 
7064.291798 464.000000 
7067.674352 513.000000 
7071.056865 604.000000 
7074.439337 653.000000 
7077.821768 608.000000 
7081.204156 578.000000 
7084.586504 551.000000 
7087.968810 536.000000 
7091.351075 491.000000 
7094.733298 489.000000 
7098.115480 479.000000 
7101.497620 446.000000 
7104.879719 475.000000 
7108.261777 482.000000 
7111.643793 444.000000 
7115.025767 436.000000 
7118.407701 463.000000 
7121.789593 432.000000 
7125.171443 476.000000 
7128.553252 446.000000 
7131.935020 464.000000 
7135.316746 493.000000 
7138.698431 485.000000 
7142.080075 535.000000 
7145.461677 621.000000 
7148.843237 780.000000 
7152.224757 832.000000 
7155.606235 727.000000 
7158.987671 598.000000 
7162.369066 535.000000 
7165.750420 529.000000 
7169.131733 512.000000 
7172.513004 503.000000 
7175.894233 448.000000 
7179.275421 459.000000 
7182.656568 438.000000 
7186.037674 450.000000 
7189.418738 445.000000 
7192.799760 485.000000 
7196.180742 484.000000 
7199.561682 420.000000 
7202.942580 463.000000 
7206.323437 463.000000 
7209.704253 443.000000 
7213.085028 461.000000 
7216.465761 433.000000 
7219.846453 440.000000 
7223.227103 427.000000 
7226.607712 466.000000 
7229.988280 468.000000 
7233.368806 444.000000 
7236.749291 458.000000 
7240.129735 438.000000 
7243.510137 457.000000 
7246.890498 447.000000 
7250.270817 481.000000 
7253.651095 457.000000 
7257.031332 461.000000 
7260.411528 478.000000 
7263.791682 399.000000 
7267.171795 419.000000 
7270.551866 444.000000 
7273.931896 455.000000 
7277.311885 433.000000 
7280.691832 464.000000 
7284.071739 492.000000 
7287.451603 502.000000 
7290.831427 469.000000 
7294.211209 448.000000 
7297.590950 550.000000 
7300.970649 563.000000 
7304.350307 708.000000 
7307.729924 806.000000 
7311.109500 760.000000 
7314.489034 713.000000 
7317.868527 572.000000 
7321.247978 505.000000 
7324.627388 512.000000 
7328.006757 480.000000 
7331.386085 486.000000 
7334.765371 472.000000 
7338.144616 456.000000 
7341.523820 465.000000 
7344.902982 437.000000 
7348.282103 442.000000 
7351.661183 468.000000 
7355.040221 428.000000 
7358.419218 444.000000 
7361.798174 456.000000 
7365.177089 471.000000 
7368.555962 427.000000 
7371.934794 454.000000 
7375.313585 465.000000 
7378.692334 437.000000 
7382.071042 420.000000 
7385.449709 460.000000 
7388.828334 445.000000 
7392.206918 493.000000 
7395.585461 412.000000 
7398.963963 430.000000 
7402.342423 449.000000 
7405.720842 425.000000 
7409.099220 449.000000 
7412.477556 436.000000 
7415.855852 476.000000 
7419.234106 420.000000 
7422.612318 449.000000 
7425.990490 474.000000 
7429.368620 448.000000 
7432.746709 413.000000 
7436.124756 432.000000 
7439.502763 440.000000 
7442.880728 434.000000 
7446.258652 429.000000 
7449.636534 417.000000 
7453.014375 424.000000 
7456.392175 441.000000 
7459.769934 428.000000 
7463.147652 460.000000 
7466.525328 439.000000 
7469.902963 469.000000 
7473.280557 476.000000 
7476.658109 420.000000 
7480.035621 471.000000 
7483.413091 440.000000 
7486.790519 455.000000 
7490.167907 416.000000 
7493.545253 451.000000 
7496.922558 434.000000 
7500.299822 427.000000 
7503.677045 451.000000 
7507.054226 437.000000 
7510.431366 425.000000 
7513.808465 427.000000 
7517.185523 439.000000 
7520.562539 448.000000 
7523.939514 469.000000 
7527.316448 431.000000 
7530.693341 418.000000 
7534.070192 458.000000 
7537.447003 415.000000 
7540.823772 441.000000 
7544.200500 430.000000 
7547.577186 416.000000 
7550.953832 445.000000 
7554.330436 459.000000 
7557.706999 423.000000 
7561.083521 438.000000 
7564.460001 431.000000 
7567.836441 442.000000 
7571.212839 460.000000 
7574.589196 475.000000 
7577.965512 414.000000 
7581.341786 459.000000 
7584.718019 454.000000 
7588.094212 437.000000 
7591.470362 461.000000 
7594.846472 395.000000 
7598.222541 431.000000 
7601.598568 444.000000 
7604.974554 438.000000 
7608.350499 394.000000 
7611.726403 485.000000 
7615.102266 435.000000 
7618.478087 460.000000 
7621.853867 412.000000 
7625.229606 455.000000 
7628.605304 460.000000 
7631.980961 409.000000 
7635.356577 450.000000 
7638.732151 417.000000 
7642.107684 429.000000 
7645.483176 392.000000 
7648.858627 421.000000 
7652.234037 424.000000 
7655.609405 454.000000 
7658.984732 415.000000 
7662.360019 411.000000 
7665.735264 419.000000 
7669.110467 420.000000 
7672.485630 434.000000 
7675.860752 406.000000 
7679.235832 433.000000 
7682.610871 417.000000 
7685.985869 431.000000 
7689.360826 440.000000 
7692.735742 443.000000 
7696.110616 402.000000 
7699.485450 457.000000 
7702.860242 430.000000 
7706.234993 424.000000 
7709.609703 460.000000 
7712.984372 456.000000 
7716.359000 442.000000 
7719.733586 419.000000 
7723.108132 403.000000 
7726.482636 461.000000 
7729.857099 410.000000 
7733.231521 476.000000 
7736.605902 464.000000 
7739.980242 451.000000 
7743.354540 407.000000 
7746.728798 428.000000 
7750.103014 436.000000 
7753.477190 406.000000 
7756.851324 419.000000 
7760.225417 402.000000 
7763.599469 431.000000 
7766.973479 418.000000 
7770.347449 476.000000 
7773.721377 438.000000 
7777.095265 436.000000 
7780.469111 390.000000 
7783.842916 439.000000 
7787.216680 454.000000 
7790.590403 409.000000 
7793.964085 437.000000 
7797.337726 445.000000 
7800.711326 388.000000 
7804.084884 411.000000 
7807.458402 432.000000 
7810.831878 440.000000 
7814.205313 435.000000 
7817.578708 432.000000 
7820.952061 402.000000 
7824.325373 432.000000 
7827.698643 467.000000 
7831.071873 420.000000 
7834.445062 394.000000 
7837.818210 459.000000 
7841.191316 445.000000 
7844.564381 445.000000 
7847.937406 399.000000 
7851.310389 426.000000 
7854.683331 418.000000 
7858.056232 452.000000 
7861.429092 447.000000 
7864.801911 387.000000 
7868.174689 418.000000 
7871.547426 430.000000 
7874.920122 464.000000 
7878.292777 417.000000 
7881.665390 433.000000 
7885.037963 432.000000 
7888.410494 423.000000 
7891.782985 432.000000 
7895.155434 416.000000 
7898.527842 446.000000 
7901.900209 422.000000 
7905.272536 418.000000 
7908.644821 440.000000 
7912.017065 421.000000 
7915.389268 451.000000 
7918.761430 437.000000 
7922.133551 453.000000 
7925.505630 460.000000 
7928.877669 453.000000 
7932.249667 439.000000 
7935.621624 450.000000 
7938.993539 425.000000 
7942.365414 454.000000 
7945.737248 397.000000 
7949.109040 427.000000 
7952.480792 442.000000 
7955.852502 437.000000 
7959.224172 430.000000 
7962.595800 386.000000 
7965.967388 468.000000 
7969.338934 420.000000 
7972.710439 445.000000 
7976.081904 412.000000 
7979.453327 423.000000 
7982.824709 408.000000 
7986.196050 458.000000 
7989.567351 413.000000 
7992.938610 420.000000 
7996.309828 474.000000 
7999.681005 431.000000 
8003.052141 442.000000 
8006.423236 421.000000 
8009.794291 438.000000 
8013.165304 395.000000 
8016.536276 431.000000 
8019.907207 433.000000 
8023.278097 437.000000 
8026.648946 400.000000 
8030.019754 406.000000 
8033.390521 406.000000 
8036.761247 435.000000 
8040.131933 381.000000 
8043.502577 407.000000 
8046.873180 407.000000 
8050.243742 427.000000 
8053.614263 419.000000 
8056.984743 393.000000 
8060.355182 439.000000 
8063.725580 392.000000 
8067.095938 440.000000 
8070.466254 442.000000 
8073.836529 423.000000 
8077.206763 429.000000 
8080.576957 418.000000 
8083.947109 444.000000 
8087.317220 439.000000 
8090.687290 411.000000 
8094.057320 445.000000 
8097.427308 452.000000 
8100.797255 418.000000 
8104.167162 434.000000 
8107.537027 481.000000 
