-101.649236 337.000000 
-98.176568 333.000000 
-94.703945 333.000000 
-91.231367 355.000000 
-87.758833 308.000000 
-84.286345 341.000000 
-80.813901 370.000000 
-77.341501 352.000000 
-73.869147 352.000000 
-70.396838 339.000000 
-66.924573 370.000000 
-63.452353 326.000000 
-59.980178 341.000000 
-56.508048 362.000000 
-53.035963 377.000000 
-49.563922 344.000000 
-46.091927 373.000000 
-42.619976 330.000000 
-39.148070 365.000000 
-35.676208 305.000000 
-32.204392 354.000000 
-28.732620 343.000000 
-25.260893 330.000000 
-21.789211 356.000000 
-18.317574 321.000000 
-14.845981 314.000000 
-11.374433 344.000000 
-7.902931 346.000000 
-4.431472 374.000000 
-0.960059 349.000000 
2.511310 325.000000 
5.982633 334.000000 
9.453912 340.000000 
12.925147 385.000000 
16.396336 323.000000 
19.867481 330.000000 
23.338581 341.000000 
26.809636 364.000000 
30.280646 354.000000 
33.751612 350.000000 
37.222533 356.000000 
40.693409 339.000000 
44.164240 316.000000 
47.635027 337.000000 
51.105768 340.000000 
54.576465 364.000000 
58.047118 367.000000 
61.517725 325.000000 
64.988288 306.000000 
68.458806 362.000000 
71.929279 342.000000 
75.399707 354.000000 
78.870091 342.000000 
82.340430 349.000000 
85.810725 345.000000 
89.280974 346.000000 
92.751179 343.000000 
96.221339 369.000000 
99.691454 369.000000 
103.161525 340.000000 
106.631551 341.000000 
110.101532 337.000000 
113.571468 359.000000 
117.041360 351.000000 
120.511207 361.000000 
123.981009 350.000000 
127.450766 345.000000 
130.920479 366.000000 
134.390147 338.000000 
137.859770 375.000000 
141.329349 353.000000 
144.798883 313.000000 
148.268372 370.000000 
151.737817 343.000000 
155.207216 385.000000 
158.676571 331.000000 
162.145882 311.000000 
165.615147 340.000000 
169.084368 336.000000 
172.553544 353.000000 
176.022676 370.000000 
179.491763 339.000000 
182.960805 346.000000 
186.429802 353.000000 
189.898755 313.000000 
193.367663 344.000000 
196.836527 337.000000 
200.305345 379.000000 
203.774119 377.000000 
207.242849 330.000000 
210.711533 319.000000 
214.180173 325.000000 
217.648769 360.000000 
221.117319 344.000000 
224.585825 338.000000 
228.054286 323.000000 
231.522703 341.000000 
234.991075 334.000000 
238.459402 312.000000 
241.927685 345.000000 
245.395923 330.000000 
248.864116 346.000000 
252.332265 381.000000 
255.800368 345.000000 
259.268428 330.000000 
262.736442 303.000000 
266.204412 343.000000 
269.672338 332.000000 
273.140218 363.000000 
276.608054 348.000000 
280.075846 350.000000 
283.543593 347.000000 
287.011295 357.000000 
290.478952 384.000000 
293.946565 354.000000 
297.414133 375.000000 
300.881657 440.000000 
304.349136 484.000000 
307.816570 453.000000 
311.283959 385.000000 
314.751305 424.000000 
318.218605 417.000000 
321.685861 367.000000 
325.153072 337.000000 
328.620238 324.000000 
332.087360 349.000000 
335.554437 377.000000 
339.021470 350.000000 
342.488458 362.000000 
345.955402 378.000000 
349.422300 323.000000 
352.889155 351.000000 
356.355964 316.000000 
359.822729 350.000000 
363.289450 354.000000 
366.756125 374.000000 
370.222757 313.000000 
373.689343 333.000000 
377.155885 388.000000 
380.622382 364.000000 
384.088835 358.000000 
387.555243 362.000000 
391.021607 346.000000 
394.487926 394.000000 
397.954201 373.000000 
401.420430 353.000000 
404.886616 374.000000 
408.352756 365.000000 
411.818852 373.000000 
415.284904 351.000000 
418.750911 343.000000 
422.216873 343.000000 
425.682791 360.000000 
429.148664 347.000000 
432.614493 366.000000 
436.080277 390.000000 
439.546016 366.000000 
443.011711 389.000000 
446.477362 337.000000 
449.942967 432.000000 
453.408529 517.000000 
456.874045 742.000000 
460.339517 986.000000 
463.804945 785.000000 
467.270328 559.000000 
470.735667 582.000000 
474.200961 463.000000 
477.666210 417.000000 
481.131415 420.000000 
484.596575 397.000000 
488.061691 380.000000 
491.526762 391.000000 
494.991789 388.000000 
498.456771 376.000000 
501.921708 354.000000 
505.386601 319.000000 
508.851450 381.000000 
512.316254 358.000000 
515.781013 357.000000 
519.245728 340.000000 
522.710399 353.000000 
526.175024 358.000000 
529.639606 339.000000 
533.104143 346.000000 
536.568635 339.000000 
540.033083 367.000000 
543.497486 340.000000 
546.961845 354.000000 
550.426159 348.000000 
553.890429 317.000000 
557.354654 343.000000 
560.818835 357.000000 
564.282971 313.000000 
567.747063 319.000000 
571.211110 370.000000 
574.675113 337.000000 
578.139071 360.000000 
581.602985 368.000000 
585.066854 359.000000 
588.530678 351.000000 
591.994459 353.000000 
595.458195 340.000000 
598.921886 380.000000 
602.385533 350.000000 
605.849135 351.000000 
609.312693 365.000000 
612.776206 337.000000 
616.239675 325.000000 
619.703099 341.000000 
623.166479 305.000000 
626.629814 332.000000 
630.093105 344.000000 
633.556352 359.000000 
637.019554 336.000000 
640.482711 378.000000 
643.945824 333.000000 
647.408893 368.000000 
650.871917 365.000000 
654.334897 371.000000 
657.797832 347.000000 
661.260723 369.000000 
664.723569 340.000000 
668.186371 383.000000 
671.649128 347.000000 
675.111841 327.000000 
678.574510 356.000000 
682.037134 383.000000 
685.499714 373.000000 
688.962249 359.000000 
692.424739 357.000000 
695.887186 371.000000 
699.349588 389.000000 
702.811945 401.000000 
706.274258 400.000000 
709.736526 391.000000 
713.198751 472.000000 
716.660930 567.000000 
720.123065 891.000000 
723.585156 1321.000000 
727.047203 1783.000000 
730.509205 1412.000000 
733.971162 1327.000000 
737.433075 1014.000000 
740.894944 688.000000 
744.356768 596.000000 
747.818548 490.000000 
751.280284 409.000000 
754.741975 416.000000 
758.203621 402.000000 
761.665224 379.000000 
765.126781 396.000000 
768.588295 387.000000 
772.049764 394.000000 
775.511189 383.000000 
778.972569 369.000000 
782.433905 350.000000 
785.895196 344.000000 
789.356443 351.000000 
792.817646 352.000000 
796.278804 334.000000 
799.739918 346.000000 
803.200987 361.000000 
806.662012 335.000000 
810.122993 350.000000 
813.583929 353.000000 
817.044821 329.000000 
820.505669 372.000000 
823.966472 356.000000 
827.427231 344.000000 
830.887945 404.000000 
834.348615 304.000000 
837.809241 355.000000 
841.269822 366.000000 
844.730359 347.000000 
848.190852 336.000000 
851.651300 356.000000 
855.111704 326.000000 
858.572064 342.000000 
862.032379 339.000000 
865.492650 370.000000 
868.952876 359.000000 
872.413058 343.000000 
875.873196 327.000000 
879.333289 367.000000 
882.793338 360.000000 
886.253343 366.000000 
889.713303 334.000000 
893.173219 353.000000 
896.633091 354.000000 
900.092918 322.000000 
903.552701 333.000000 
907.012440 333.000000 
910.472134 332.000000 
913.931784 313.000000 
917.391390 349.000000 
920.850951 343.000000 
924.310468 324.000000 
927.769941 347.000000 
931.229369 325.000000 
934.688753 320.000000 
938.148093 313.000000 
941.607388 329.000000 
945.066639 347.000000 
948.525846 366.000000 
951.985009 375.000000 
955.444127 343.000000 
958.903201 337.000000 
962.362230 356.000000 
965.821215 338.000000 
969.280156 341.000000 
972.739053 378.000000 
976.197905 331.000000 
979.656713 331.000000 
983.115477 360.000000 
986.574196 318.000000 
990.032871 330.000000 
993.491502 340.000000 
996.950089 342.000000 
1000.408631 326.000000 
1003.867129 326.000000 
1007.325582 369.000000 
1010.783992 350.000000 
1014.242357 333.000000 
1017.700678 324.000000 
1021.158954 286.000000 
1024.617186 346.000000 
1028.075374 336.000000 
1031.533518 323.000000 
1034.991617 341.000000 
1038.449672 355.000000 
1041.907683 313.000000 
1045.365650 332.000000 
1048.823572 316.000000 
1052.281450 332.000000 
1055.739284 284.000000 
1059.197074 370.000000 
1062.654819 335.000000 
1066.112520 331.000000 
1069.570177 342.000000 
1073.027789 308.000000 
1076.485358 321.000000 
1079.942882 308.000000 
1083.400361 335.000000 
1086.857797 331.000000 
1090.315188 336.000000 
1093.772535 318.000000 
1097.229838 313.000000 
1100.687097 334.000000 
1104.144311 323.000000 
1107.601481 321.000000 
1111.058607 336.000000 
1114.515688 353.000000 
1117.972726 373.000000 
1121.429719 346.000000 
1124.886668 362.000000 
1128.343572 351.000000 
1131.800433 339.000000 
1135.257249 325.000000 
1138.714021 378.000000 
1142.170749 353.000000 
1145.627433 362.000000 
1149.084072 354.000000 
1152.540667 329.000000 
1155.997218 359.000000 
1159.453725 373.000000 
1162.910187 346.000000 
1166.366605 323.000000 
1169.822979 341.000000 
1173.279309 382.000000 
1176.735595 357.000000 
1180.191837 322.000000 
1183.648034 326.000000 
1187.104187 333.000000 
1190.560296 318.000000 
1194.016360 312.000000 
1197.472381 348.000000 
1200.928357 337.000000 
1204.384289 346.000000 
1207.840177 364.000000 
1211.296021 344.000000 
1214.751821 358.000000 
1218.207576 362.000000 
1221.663287 343.000000 
1225.118954 344.000000 
1228.574577 360.000000 
1232.030156 357.000000 
1235.485690 317.000000 
1238.941180 322.000000 
1242.396626 306.000000 
1245.852029 336.000000 
1249.307386 347.000000 
1252.762700 319.000000 
1256.217969 349.000000 
1259.673195 306.000000 
1263.128376 306.000000 
1266.583513 328.000000 
1270.038606 345.000000 
1273.493654 370.000000 
1276.948659 338.000000 
1280.403619 314.000000 
1283.858535 341.000000 
