6756.305698 277.000000 
6759.692030 278.000000 
6763.078319 279.000000 
6766.464567 284.000000 
6769.850774 302.000000 
6773.236939 273.000000 
6776.623062 262.000000 
6780.009144 286.000000 
6783.395184 297.000000 
6786.781183 303.000000 
6790.167140 274.000000 
6793.553056 268.000000 
6796.938930 273.000000 
6800.324762 276.000000 
6803.710553 258.000000 
6807.096303 243.000000 
6810.482010 274.000000 
6813.867677 279.000000 
6817.253302 290.000000 
6820.638885 259.000000 
6824.024427 275.000000 
6827.409927 279.000000 
6830.795385 292.000000 
6834.180802 288.000000 
6837.566178 281.000000 
6840.951512 261.000000 
6844.336804 293.000000 
6847.722055 288.000000 
6851.107265 269.000000 
6854.492432 295.000000 
6857.877559 277.000000 
6861.262643 282.000000 
6864.647687 273.000000 
6868.032688 289.000000 
6871.417649 280.000000 
6874.802567 301.000000 
6878.187445 264.000000 
6881.572280 295.000000 
6884.957075 273.000000 
6888.341827 267.000000 
6891.726538 249.000000 
6895.111208 283.000000 
6898.495836 287.000000 
6901.880423 298.000000 
6905.264968 258.000000 
6908.649471 253.000000 
6912.033934 281.000000 
6915.418354 261.000000 
6918.802733 290.000000 
6922.187071 282.000000 
6925.571367 301.000000 
6928.955621 291.000000 
6932.339835 315.000000 
6935.724006 280.000000 
6939.108136 281.000000 
6942.492225 285.000000 
6945.876272 285.000000 
6949.260278 271.000000 
6952.644242 271.000000 
6956.028165 291.000000 
6959.412046 291.000000 
6962.795886 256.000000 
6966.179684 288.000000 
6969.563441 280.000000 
6972.947156 278.000000 
6976.330830 285.000000 
6979.714462 299.000000 
6983.098053 306.000000 
6986.481603 294.000000 
6989.865111 269.000000 
6993.248577 297.000000 
6996.632002 278.000000 
7000.015386 297.000000 
7003.398728 289.000000 
7006.782028 305.000000 
7010.165288 283.000000 
7013.548505 306.000000 
7016.931682 253.000000 
7020.314816 296.000000 
7023.697910 285.000000 
7027.080962 261.000000 
7030.463972 287.000000 
7033.846941 303.000000 
7037.229869 330.000000 
7040.612755 293.000000 
7043.995600 292.000000 
7047.378403 292.000000 
7050.761165 261.000000 
7054.143885 297.000000 
7057.526564 273.000000 
7060.909202 287.000000 
7064.291798 290.000000 
7067.674352 288.000000 
7071.056865 338.000000 
7074.439337 365.000000 
7077.821768 333.000000 
7081.204156 324.000000 
7084.586504 340.000000 
7087.968810 297.000000 
7091.351075 291.000000 
7094.733298 279.000000 
7098.115480 286.000000 
7101.497620 294.000000 
7104.879719 299.000000 
7108.261777 265.000000 
7111.643793 312.000000 
7115.025767 288.000000 
7118.407701 304.000000 
7121.789593 274.000000 
7125.171443 311.000000 
7128.553252 269.000000 
7131.935020 301.000000 
7135.316746 329.000000 
7138.698431 306.000000 
7142.080075 336.000000 
7145.461677 347.000000 
7148.843237 421.000000 
7152.224757 446.000000 
7155.606235 405.000000 
7158.987671 303.000000 
7162.369066 335.000000 
7165.750420 311.000000 
7169.131733 294.000000 
7172.513004 288.000000 
7175.894233 291.000000 
7179.275421 310.000000 
7182.656568 319.000000 
7186.037674 314.000000 
7189.418738 306.000000 
7192.799760 307.000000 
7196.180742 284.000000 
7199.561682 292.000000 
7202.942580 275.000000 
7206.323437 274.000000 
7209.704253 279.000000 
7213.085028 289.000000 
7216.465761 284.000000 
7219.846453 295.000000 
7223.227103 287.000000 
7226.607712 294.000000 
7229.988280 318.000000 
7233.368806 273.000000 
7236.749291 307.000000 
7240.129735 281.000000 
7243.510137 266.000000 
7246.890498 312.000000 
7250.270817 263.000000 
7253.651095 269.000000 
7257.031332 292.000000 
7260.411528 275.000000 
7263.791682 301.000000 
7267.171795 280.000000 
7270.551866 318.000000 
7273.931896 315.000000 
7277.311885 320.000000 
7280.691832 284.000000 
7284.071739 292.000000 
7287.451603 312.000000 
7290.831427 281.000000 
7294.211209 319.000000 
7297.590950 369.000000 
7300.970649 388.000000 
7304.350307 439.000000 
7307.729924 428.000000 
7311.109500 361.000000 
7314.489034 329.000000 
7317.868527 320.000000 
7321.247978 330.000000 
7324.627388 326.000000 
7328.006757 300.000000 
7331.386085 302.000000 
7334.765371 296.000000 
7338.144616 280.000000 
7341.523820 313.000000 
7344.902982 267.000000 
7348.282103 293.000000 
7351.661183 297.000000 
7355.040221 285.000000 
7358.419218 267.000000 
7361.798174 291.000000 
7365.177089 272.000000 
7368.555962 292.000000 
7371.934794 300.000000 
7375.313585 281.000000 
7378.692334 292.000000 
7382.071042 295.000000 
7385.449709 277.000000 
7388.828334 302.000000 
7392.206918 294.000000 
7395.585461 294.000000 
7398.963963 320.000000 
7402.342423 284.000000 
7405.720842 263.000000 
7409.099220 271.000000 
7412.477556 325.000000 
7415.855852 301.000000 
7419.234106 279.000000 
7422.612318 269.000000 
7425.990490 287.000000 
7429.368620 278.000000 
7432.746709 258.000000 
7436.124756 299.000000 
7439.502763 292.000000 
7442.880728 281.000000 
7446.258652 285.000000 
7449.636534 296.000000 
7453.014375 288.000000 
7456.392175 314.000000 
7459.769934 281.000000 
7463.147652 287.000000 
7466.525328 280.000000 
7469.902963 298.000000 
7473.280557 285.000000 
7476.658109 292.000000 
7480.035621 281.000000 
7483.413091 277.000000 
7486.790519 258.000000 
7490.167907 304.000000 
7493.545253 305.000000 
7496.922558 283.000000 
7500.299822 325.000000 
7503.677045 283.000000 
7507.054226 268.000000 
7510.431366 293.000000 
7513.808465 310.000000 
7517.185523 284.000000 
7520.562539 291.000000 
7523.939514 287.000000 
7527.316448 285.000000 
7530.693341 304.000000 
7534.070192 321.000000 
7537.447003 258.000000 
7540.823772 306.000000 
7544.200500 282.000000 
7547.577186 299.000000 
7550.953832 326.000000 
7554.330436 264.000000 
7557.706999 270.000000 
7561.083521 285.000000 
7564.460001 279.000000 
7567.836441 320.000000 
7571.212839 298.000000 
7574.589196 271.000000 
7577.965512 318.000000 
7581.341786 320.000000 
7584.718019 270.000000 
7588.094212 293.000000 
7591.470362 313.000000 
7594.846472 277.000000 
7598.222541 303.000000 
7601.598568 323.000000 
7604.974554 258.000000 
7608.350499 310.000000 
7611.726403 293.000000 
7615.102266 284.000000 
7618.478087 284.000000 
7621.853867 287.000000 
7625.229606 281.000000 
7628.605304 270.000000 
7631.980961 277.000000 
7635.356577 304.000000 
7638.732151 313.000000 
7642.107684 294.000000 
7645.483176 273.000000 
7648.858627 295.000000 
7652.234037 292.000000 
7655.609405 261.000000 
7658.984732 294.000000 
7662.360019 301.000000 
7665.735264 261.000000 
7669.110467 273.000000 
7672.485630 267.000000 
7675.860752 301.000000 
7679.235832 314.000000 
7682.610871 272.000000 
7685.985869 253.000000 
7689.360826 274.000000 
7692.735742 287.000000 
7696.110616 297.000000 
7699.485450 285.000000 
7702.860242 276.000000 
7706.234993 297.000000 
7709.609703 278.000000 
7712.984372 290.000000 
7716.359000 322.000000 
7719.733586 301.000000 
7723.108132 304.000000 
7726.482636 285.000000 
7729.857099 301.000000 
7733.231521 292.000000 
7736.605902 299.000000 
7739.980242 294.000000 
7743.354540 301.000000 
7746.728798 291.000000 
7750.103014 258.000000 
7753.477190 277.000000 
7756.851324 325.000000 
7760.225417 302.000000 
7763.599469 295.000000 
7766.973479 275.000000 
7770.347449 291.000000 
7773.721377 303.000000 
7777.095265 284.000000 
7780.469111 282.000000 
7783.842916 315.000000 
7787.216680 293.000000 
7790.590403 281.000000 
7793.964085 282.000000 
7797.337726 311.000000 
7800.711326 310.000000 
7804.084884 306.000000 
7807.458402 300.000000 
7810.831878 297.000000 
7814.205313 285.000000 
7817.578708 304.000000 
7820.952061 296.000000 
7824.325373 295.000000 
7827.698643 273.000000 
7831.071873 313.000000 
7834.445062 325.000000 
7837.818210 306.000000 
7841.191316 288.000000 
7844.564381 306.000000 
7847.937406 303.000000 
7851.310389 294.000000 
7854.683331 285.000000 
7858.056232 319.000000 
7861.429092 283.000000 
7864.801911 291.000000 
7868.174689 300.000000 
7871.547426 294.000000 
7874.920122 277.000000 
7878.292777 268.000000 
7881.665390 304.000000 
7885.037963 294.000000 
7888.410494 299.000000 
7891.782985 306.000000 
7895.155434 304.000000 
7898.527842 307.000000 
7901.900209 268.000000 
7905.272536 306.000000 
7908.644821 303.000000 
7912.017065 307.000000 
7915.389268 315.000000 
7918.761430 306.000000 
7922.133551 268.000000 
7925.505630 303.000000 
7928.877669 312.000000 
7932.249667 259.000000 
7935.621624 311.000000 
7938.993539 297.000000 
7942.365414 328.000000 
7945.737248 282.000000 
7949.109040 277.000000 
7952.480792 304.000000 
7955.852502 306.000000 
7959.224172 296.000000 
7962.595800 299.000000 
7965.967388 324.000000 
7969.338934 310.000000 
7972.710439 313.000000 
7976.081904 304.000000 
7979.453327 297.000000 
7982.824709 316.000000 
7986.196050 296.000000 
7989.567351 295.000000 
7992.938610 287.000000 
7996.309828 303.000000 
7999.681005 315.000000 
8003.052141 309.000000 
8006.423236 288.000000 
8009.794291 302.000000 
8013.165304 291.000000 
8016.536276 270.000000 
8019.907207 278.000000 
8023.278097 278.000000 
8026.648946 331.000000 
8030.019754 291.000000 
8033.390521 303.000000 
8036.761247 309.000000 
8040.131933 319.000000 
8043.502577 312.000000 
8046.873180 313.000000 
8050.243742 285.000000 
8053.614263 291.000000 
8056.984743 266.000000 
8060.355182 291.000000 
8063.725580 306.000000 
8067.095938 325.000000 
8070.466254 295.000000 
8073.836529 299.000000 
8077.206763 308.000000 
8080.576957 278.000000 
8083.947109 272.000000 
8087.317220 304.000000 
8090.687290 317.000000 
8094.057320 296.000000 
8097.427308 286.000000 
8100.797255 293.000000 
8104.167162 289.000000 
8107.537027 293.000000 
