6756.305698 539.000000 
6759.692030 536.000000 
6763.078319 564.000000 
6766.464567 522.000000 
6769.850774 504.000000 
6773.236939 538.000000 
6776.623062 550.000000 
6780.009144 563.000000 
6783.395184 524.000000 
6786.781183 557.000000 
6790.167140 542.000000 
6793.553056 507.000000 
6796.938930 544.000000 
6800.324762 578.000000 
6803.710553 571.000000 
6807.096303 528.000000 
6810.482010 480.000000 
6813.867677 588.000000 
6817.253302 568.000000 
6820.638885 550.000000 
6824.024427 555.000000 
6827.409927 546.000000 
6830.795385 533.000000 
6834.180802 554.000000 
6837.566178 591.000000 
6840.951512 568.000000 
6844.336804 563.000000 
6847.722055 580.000000 
6851.107265 519.000000 
6854.492432 518.000000 
6857.877559 524.000000 
6861.262643 567.000000 
6864.647687 586.000000 
6868.032688 536.000000 
6871.417649 527.000000 
6874.802567 532.000000 
6878.187445 589.000000 
6881.572280 571.000000 
6884.957075 563.000000 
6888.341827 556.000000 
6891.726538 551.000000 
6895.111208 582.000000 
6898.495836 545.000000 
6901.880423 512.000000 
6905.264968 550.000000 
6908.649471 547.000000 
6912.033934 543.000000 
6915.418354 606.000000 
6918.802733 598.000000 
6922.187071 573.000000 
6925.571367 541.000000 
6928.955621 551.000000 
6932.339835 554.000000 
6935.724006 529.000000 
6939.108136 541.000000 
6942.492225 559.000000 
6945.876272 514.000000 
6949.260278 578.000000 
6952.644242 549.000000 
6956.028165 592.000000 
6959.412046 540.000000 
6962.795886 626.000000 
6966.179684 533.000000 
6969.563441 552.000000 
6972.947156 585.000000 
6976.330830 553.000000 
6979.714462 553.000000 
6983.098053 532.000000 
6986.481603 572.000000 
6989.865111 532.000000 
6993.248577 581.000000 
6996.632002 539.000000 
7000.015386 591.000000 
7003.398728 571.000000 
7006.782028 539.000000 
7010.165288 565.000000 
7013.548505 563.000000 
7016.931682 584.000000 
7020.314816 516.000000 
7023.697910 529.000000 
7027.080962 596.000000 
7030.463972 561.000000 
7033.846941 551.000000 
7037.229869 561.000000 
7040.612755 580.000000 
7043.995600 551.000000 
7047.378403 593.000000 
7050.761165 544.000000 
7054.143885 565.000000 
7057.526564 546.000000 
7060.909202 608.000000 
7064.291798 584.000000 
7067.674352 547.000000 
7071.056865 666.000000 
7074.439337 777.000000 
7077.821768 787.000000 
7081.204156 739.000000 
7084.586504 637.000000 
7087.968810 625.000000 
7091.351075 592.000000 
7094.733298 590.000000 
7098.115480 600.000000 
7101.497620 564.000000 
7104.879719 593.000000 
7108.261777 560.000000 
7111.643793 578.000000 
7115.025767 559.000000 
7118.407701 569.000000 
7121.789593 563.000000 
7125.171443 560.000000 
7128.553252 617.000000 
7131.935020 610.000000 
7135.316746 626.000000 
7138.698431 642.000000 
7142.080075 730.000000 
7145.461677 885.000000 
7148.843237 1004.000000 
7152.224757 975.000000 
7155.606235 835.000000 
7158.987671 741.000000 
7162.369066 683.000000 
7165.750420 699.000000 
7169.131733 637.000000 
7172.513004 613.000000 
7175.894233 598.000000 
7179.275421 599.000000 
7182.656568 595.000000 
7186.037674 543.000000 
7189.418738 582.000000 
7192.799760 542.000000 
7196.180742 553.000000 
7199.561682 644.000000 
7202.942580 590.000000 
7206.323437 567.000000 
7209.704253 583.000000 
7213.085028 595.000000 
7216.465761 562.000000 
7219.846453 530.000000 
7223.227103 556.000000 
7226.607712 575.000000 
7229.988280 566.000000 
7233.368806 579.000000 
7236.749291 619.000000 
7240.129735 615.000000 
7243.510137 580.000000 
7246.890498 600.000000 
7250.270817 583.000000 
7253.651095 540.000000 
7257.031332 547.000000 
7260.411528 627.000000 
7263.791682 574.000000 
7267.171795 588.000000 
7270.551866 608.000000 
7273.931896 582.000000 
7277.311885 587.000000 
7280.691832 620.000000 
7284.071739 610.000000 
7287.451603 604.000000 
7290.831427 606.000000 
7294.211209 682.000000 
7297.590950 729.000000 
7300.970649 844.000000 
7304.350307 862.000000 
7307.729924 941.000000 
7311.109500 975.000000 
7314.489034 857.000000 
7317.868527 750.000000 
7321.247978 665.000000 
7324.627388 671.000000 
7328.006757 617.000000 
7331.386085 592.000000 
7334.765371 630.000000 
7338.144616 567.000000 
7341.523820 560.000000 
7344.902982 607.000000 
7348.282103 607.000000 
7351.661183 587.000000 
7355.040221 548.000000 
7358.419218 588.000000 
7361.798174 587.000000 
7365.177089 561.000000 
7368.555962 596.000000 
7371.934794 578.000000 
7375.313585 566.000000 
7378.692334 572.000000 
7382.071042 566.000000 
7385.449709 569.000000 
7388.828334 614.000000 
7392.206918 546.000000 
7395.585461 569.000000 
7398.963963 640.000000 
7402.342423 600.000000 
7405.720842 546.000000 
7409.099220 583.000000 
7412.477556 540.000000 
7415.855852 576.000000 
7419.234106 581.000000 
7422.612318 599.000000 
7425.990490 601.000000 
7429.368620 569.000000 
7432.746709 577.000000 
7436.124756 580.000000 
7439.502763 574.000000 
7442.880728 553.000000 
7446.258652 588.000000 
7449.636534 586.000000 
7453.014375 574.000000 
7456.392175 574.000000 
7459.769934 551.000000 
7463.147652 566.000000 
7466.525328 608.000000 
7469.902963 593.000000 
7473.280557 587.000000 
7476.658109 548.000000 
7480.035621 584.000000 
7483.413091 529.000000 
7486.790519 587.000000 
7490.167907 554.000000 
7493.545253 596.000000 
7496.922558 572.000000 
7500.299822 543.000000 
7503.677045 547.000000 
7507.054226 571.000000 
7510.431366 563.000000 
7513.808465 569.000000 
7517.185523 562.000000 
7520.562539 583.000000 
7523.939514 563.000000 
7527.316448 588.000000 
7530.693341 563.000000 
7534.070192 586.000000 
7537.447003 576.000000 
7540.823772 577.000000 
7544.200500 610.000000 
7547.577186 584.000000 
7550.953832 554.000000 
7554.330436 550.000000 
7557.706999 607.000000 
7561.083521 583.000000 
7564.460001 550.000000 
7567.836441 588.000000 
7571.212839 614.000000 
7574.589196 593.000000 
7577.965512 555.000000 
7581.341786 519.000000 
7584.718019 659.000000 
7588.094212 583.000000 
7591.470362 568.000000 
7594.846472 569.000000 
7598.222541 616.000000 
7601.598568 562.000000 
7604.974554 543.000000 
7608.350499 559.000000 
7611.726403 547.000000 
7615.102266 562.000000 
7618.478087 586.000000 
7621.853867 563.000000 
7625.229606 592.000000 
7628.605304 583.000000 
7631.980961 574.000000 
7635.356577 597.000000 
7638.732151 599.000000 
7642.107684 552.000000 
7645.483176 591.000000 
7648.858627 587.000000 
7652.234037 564.000000 
7655.609405 597.000000 
7658.984732 595.000000 
7662.360019 575.000000 
7665.735264 586.000000 
7669.110467 547.000000 
7672.485630 577.000000 
7675.860752 621.000000 
7679.235832 620.000000 
7682.610871 545.000000 
7685.985869 586.000000 
7689.360826 578.000000 
7692.735742 588.000000 
7696.110616 604.000000 
7699.485450 616.000000 
7702.860242 616.000000 
7706.234993 611.000000 
7709.609703 555.000000 
7712.984372 590.000000 
7716.359000 522.000000 
7719.733586 607.000000 
7723.108132 598.000000 
7726.482636 574.000000 
7729.857099 565.000000 
7733.231521 519.000000 
7736.605902 609.000000 
7739.980242 613.000000 
7743.354540 564.000000 
7746.728798 619.000000 
7750.103014 566.000000 
7753.477190 578.000000 
7756.851324 589.000000 
7760.225417 591.000000 
7763.599469 567.000000 
7766.973479 646.000000 
7770.347449 581.000000 
7773.721377 545.000000 
7777.095265 586.000000 
7780.469111 625.000000 
7783.842916 617.000000 
7787.216680 571.000000 
7790.590403 583.000000 
7793.964085 579.000000 
7797.337726 573.000000 
7800.711326 587.000000 
7804.084884 560.000000 
7807.458402 593.000000 
7810.831878 582.000000 
7814.205313 575.000000 
7817.578708 581.000000 
7820.952061 613.000000 
7824.325373 623.000000 
7827.698643 577.000000 
7831.071873 576.000000 
7834.445062 553.000000 
7837.818210 591.000000 
7841.191316 606.000000 
7844.564381 535.000000 
7847.937406 602.000000 
7851.310389 589.000000 
7854.683331 556.000000 
7858.056232 617.000000 
7861.429092 561.000000 
7864.801911 575.000000 
7868.174689 573.000000 
7871.547426 572.000000 
7874.920122 529.000000 
7878.292777 563.000000 
7881.665390 549.000000 
7885.037963 591.000000 
7888.410494 594.000000 
7891.782985 562.000000 
7895.155434 603.000000 
7898.527842 614.000000 
7901.900209 594.000000 
7905.272536 615.000000 
7908.644821 556.000000 
7912.017065 620.000000 
7915.389268 558.000000 
7918.761430 593.000000 
7922.133551 602.000000 
7925.505630 582.000000 
7928.877669 574.000000 
7932.249667 562.000000 
7935.621624 629.000000 
7938.993539 620.000000 
7942.365414 570.000000 
7945.737248 622.000000 
7949.109040 580.000000 
7952.480792 575.000000 
7955.852502 630.000000 
7959.224172 594.000000 
7962.595800 616.000000 
7965.967388 566.000000 
7969.338934 586.000000 
7972.710439 586.000000 
7976.081904 669.000000 
7979.453327 617.000000 
7982.824709 557.000000 
7986.196050 607.000000 
7989.567351 642.000000 
7992.938610 607.000000 
7996.309828 572.000000 
7999.681005 624.000000 
8003.052141 589.000000 
8006.423236 572.000000 
8009.794291 616.000000 
8013.165304 600.000000 
8016.536276 633.000000 
8019.907207 580.000000 
8023.278097 545.000000 
8026.648946 596.000000 
8030.019754 567.000000 
8033.390521 547.000000 
8036.761247 612.000000 
8040.131933 586.000000 
8043.502577 642.000000 
8046.873180 605.000000 
8050.243742 551.000000 
8053.614263 612.000000 
8056.984743 549.000000 
8060.355182 552.000000 
8063.725580 562.000000 
8067.095938 583.000000 
8070.466254 597.000000 
8073.836529 552.000000 
8077.206763 579.000000 
8080.576957 587.000000 
8083.947109 606.000000 
8087.317220 604.000000 
8090.687290 625.000000 
8094.057320 624.000000 
8097.427308 589.000000 
8100.797255 611.000000 
8104.167162 615.000000 
8107.537027 539.000000 
