6756.305698 328.000000 
6759.692030 343.000000 
6763.078319 312.000000 
6766.464567 336.000000 
6769.850774 351.000000 
6773.236939 301.000000 
6776.623062 355.000000 
6780.009144 364.000000 
6783.395184 365.000000 
6786.781183 361.000000 
6790.167140 356.000000 
6793.553056 330.000000 
6796.938930 333.000000 
6800.324762 371.000000 
6803.710553 337.000000 
6807.096303 341.000000 
6810.482010 341.000000 
6813.867677 333.000000 
6817.253302 345.000000 
6820.638885 327.000000 
6824.024427 361.000000 
6827.409927 353.000000 
6830.795385 353.000000 
6834.180802 374.000000 
6837.566178 349.000000 
6840.951512 352.000000 
6844.336804 353.000000 
6847.722055 342.000000 
6851.107265 356.000000 
6854.492432 337.000000 
6857.877559 337.000000 
6861.262643 304.000000 
6864.647687 361.000000 
6868.032688 334.000000 
6871.417649 359.000000 
6874.802567 328.000000 
6878.187445 368.000000 
6881.572280 343.000000 
6884.957075 321.000000 
6888.341827 356.000000 
6891.726538 326.000000 
6895.111208 321.000000 
6898.495836 376.000000 
6901.880423 328.000000 
6905.264968 354.000000 
6908.649471 360.000000 
6912.033934 310.000000 
6915.418354 322.000000 
6918.802733 345.000000 
6922.187071 341.000000 
6925.571367 339.000000 
6928.955621 338.000000 
6932.339835 362.000000 
6935.724006 312.000000 
6939.108136 363.000000 
6942.492225 353.000000 
6945.876272 343.000000 
6949.260278 329.000000 
6952.644242 332.000000 
6956.028165 346.000000 
6959.412046 344.000000 
6962.795886 367.000000 
6966.179684 338.000000 
6969.563441 356.000000 
6972.947156 315.000000 
6976.330830 379.000000 
6979.714462 363.000000 
6983.098053 349.000000 
6986.481603 325.000000 
6989.865111 362.000000 
6993.248577 314.000000 
6996.632002 325.000000 
7000.015386 346.000000 
7003.398728 381.000000 
7006.782028 337.000000 
7010.165288 356.000000 
7013.548505 362.000000 
7016.931682 372.000000 
7020.314816 354.000000 
7023.697910 371.000000 
7027.080962 333.000000 
7030.463972 338.000000 
7033.846941 342.000000 
7037.229869 348.000000 
7040.612755 318.000000 
7043.995600 357.000000 
7047.378403 367.000000 
7050.761165 361.000000 
7054.143885 358.000000 
7057.526564 358.000000 
7060.909202 338.000000 
7064.291798 382.000000 
7067.674352 399.000000 
7071.056865 424.000000 
7074.439337 450.000000 
7077.821768 550.000000 
7081.204156 581.000000 
7084.586504 453.000000 
7087.968810 444.000000 
7091.351075 405.000000 
7094.733298 365.000000 
7098.115480 371.000000 
7101.497620 370.000000 
7104.879719 329.000000 
7108.261777 364.000000 
7111.643793 348.000000 
7115.025767 336.000000 
7118.407701 356.000000 
7121.789593 336.000000 
7125.171443 371.000000 
7128.553252 344.000000 
7131.935020 386.000000 
7135.316746 401.000000 
7138.698431 401.000000 
7142.080075 447.000000 
7145.461677 468.000000 
7148.843237 675.000000 
7152.224757 671.000000 
7155.606235 574.000000 
7158.987671 477.000000 
7162.369066 494.000000 
7165.750420 453.000000 
7169.131733 382.000000 
7172.513004 399.000000 
7175.894233 352.000000 
7179.275421 361.000000 
7182.656568 385.000000 
7186.037674 335.000000 
7189.418738 354.000000 
7192.799760 357.000000 
7196.180742 342.000000 
7199.561682 360.000000 
7202.942580 349.000000 
7206.323437 376.000000 
7209.704253 337.000000 
7213.085028 337.000000 
7216.465761 362.000000 
7219.846453 391.000000 
7223.227103 359.000000 
7226.607712 322.000000 
7229.988280 373.000000 
7233.368806 344.000000 
7236.749291 333.000000 
7240.129735 339.000000 
7243.510137 356.000000 
7246.890498 352.000000 
7250.270817 352.000000 
7253.651095 351.000000 
7257.031332 344.000000 
7260.411528 386.000000 
7263.791682 340.000000 
7267.171795 400.000000 
7270.551866 385.000000 
7273.931896 349.000000 
7277.311885 336.000000 
7280.691832 349.000000 
7284.071739 387.000000 
7287.451603 369.000000 
7290.831427 379.000000 
7294.211209 449.000000 
7297.590950 396.000000 
7300.970649 492.000000 
7304.350307 667.000000 
7307.729924 767.000000 
7311.109500 720.000000 
7314.489034 688.000000 
7317.868527 481.000000 
7321.247978 410.000000 
7324.627388 392.000000 
7328.006757 420.000000 
7331.386085 382.000000 
7334.765371 357.000000 
7338.144616 389.000000 
7341.523820 348.000000 
7344.902982 379.000000 
7348.282103 375.000000 
7351.661183 339.000000 
7355.040221 353.000000 
7358.419218 369.000000 
7361.798174 384.000000 
7365.177089 353.000000 
7368.555962 364.000000 
7371.934794 364.000000 
7375.313585 340.000000 
7378.692334 378.000000 
7382.071042 356.000000 
7385.449709 358.000000 
7388.828334 361.000000 
7392.206918 337.000000 
7395.585461 350.000000 
7398.963963 337.000000 
7402.342423 348.000000 
7405.720842 355.000000 
7409.099220 330.000000 
7412.477556 323.000000 
7415.855852 335.000000 
7419.234106 373.000000 
7422.612318 363.000000 
7425.990490 325.000000 
7429.368620 357.000000 
7432.746709 315.000000 
7436.124756 336.000000 
7439.502763 371.000000 
7442.880728 355.000000 
7446.258652 348.000000 
7449.636534 338.000000 
7453.014375 379.000000 
7456.392175 305.000000 
7459.769934 387.000000 
7463.147652 351.000000 
7466.525328 351.000000 
7469.902963 362.000000 
7473.280557 332.000000 
7476.658109 357.000000 
7480.035621 365.000000 
7483.413091 350.000000 
7486.790519 325.000000 
7490.167907 340.000000 
7493.545253 345.000000 
7496.922558 362.000000 
7500.299822 340.000000 
7503.677045 367.000000 
7507.054226 325.000000 
7510.431366 367.000000 
7513.808465 341.000000 
7517.185523 348.000000 
7520.562539 340.000000 
7523.939514 354.000000 
7527.316448 349.000000 
7530.693341 355.000000 
7534.070192 359.000000 
7537.447003 343.000000 
7540.823772 348.000000 
7544.200500 347.000000 
7547.577186 370.000000 
7550.953832 366.000000 
7554.330436 349.000000 
7557.706999 379.000000 
7561.083521 344.000000 
7564.460001 332.000000 
7567.836441 335.000000 
7571.212839 357.000000 
7574.589196 331.000000 
7577.965512 328.000000 
7581.341786 348.000000 
7584.718019 345.000000 
7588.094212 337.000000 
7591.470362 333.000000 
7594.846472 345.000000 
7598.222541 345.000000 
7601.598568 361.000000 
7604.974554 364.000000 
7608.350499 362.000000 
7611.726403 355.000000 
7615.102266 393.000000 
7618.478087 333.000000 
7621.853867 388.000000 
7625.229606 376.000000 
7628.605304 366.000000 
7631.980961 394.000000 
7635.356577 367.000000 
7638.732151 378.000000 
7642.107684 342.000000 
7645.483176 371.000000 
7648.858627 358.000000 
7652.234037 333.000000 
7655.609405 352.000000 
7658.984732 340.000000 
7662.360019 385.000000 
7665.735264 361.000000 
7669.110467 337.000000 
7672.485630 339.000000 
7675.860752 316.000000 
7679.235832 361.000000 
7682.610871 387.000000 
7685.985869 364.000000 
7689.360826 356.000000 
7692.735742 359.000000 
7696.110616 315.000000 
7699.485450 378.000000 
7702.860242 334.000000 
7706.234993 359.000000 
7709.609703 351.000000 
7712.984372 339.000000 
7716.359000 312.000000 
7719.733586 334.000000 
7723.108132 358.000000 
7726.482636 329.000000 
7729.857099 325.000000 
7733.231521 341.000000 
7736.605902 371.000000 
7739.980242 370.000000 
7743.354540 361.000000 
7746.728798 336.000000 
7750.103014 317.000000 
7753.477190 360.000000 
7756.851324 351.000000 
7760.225417 321.000000 
7763.599469 322.000000 
7766.973479 354.000000 
7770.347449 364.000000 
7773.721377 356.000000 
7777.095265 384.000000 
7780.469111 362.000000 
7783.842916 351.000000 
7787.216680 352.000000 
7790.590403 332.000000 
7793.964085 342.000000 
7797.337726 359.000000 
7800.711326 353.000000 
7804.084884 331.000000 
7807.458402 370.000000 
7810.831878 329.000000 
7814.205313 318.000000 
7817.578708 381.000000 
7820.952061 342.000000 
7824.325373 341.000000 
7827.698643 381.000000 
7831.071873 337.000000 
7834.445062 368.000000 
7837.818210 378.000000 
7841.191316 338.000000 
7844.564381 360.000000 
7847.937406 340.000000 
7851.310389 357.000000 
7854.683331 374.000000 
7858.056232 352.000000 
7861.429092 379.000000 
7864.801911 360.000000 
7868.174689 366.000000 
7871.547426 354.000000 
7874.920122 345.000000 
7878.292777 378.000000 
7881.665390 367.000000 
7885.037963 374.000000 
7888.410494 358.000000 
7891.782985 318.000000 
7895.155434 351.000000 
7898.527842 334.000000 
7901.900209 370.000000 
7905.272536 339.000000 
7908.644821 332.000000 
7912.017065 350.000000 
7915.389268 364.000000 
7918.761430 374.000000 
7922.133551 349.000000 
7925.505630 348.000000 
7928.877669 346.000000 
7932.249667 324.000000 
7935.621624 371.000000 
7938.993539 358.000000 
7942.365414 357.000000 
7945.737248 387.000000 
7949.109040 368.000000 
7952.480792 344.000000 
7955.852502 377.000000 
7959.224172 364.000000 
7962.595800 356.000000 
7965.967388 351.000000 
7969.338934 381.000000 
7972.710439 348.000000 
7976.081904 394.000000 
7979.453327 375.000000 
7982.824709 332.000000 
7986.196050 379.000000 
7989.567351 374.000000 
7992.938610 347.000000 
7996.309828 341.000000 
7999.681005 325.000000 
8003.052141 368.000000 
8006.423236 331.000000 
8009.794291 373.000000 
8013.165304 370.000000 
8016.536276 342.000000 
8019.907207 356.000000 
8023.278097 351.000000 
8026.648946 337.000000 
8030.019754 373.000000 
8033.390521 337.000000 
8036.761247 365.000000 
8040.131933 350.000000 
8043.502577 330.000000 
8046.873180 371.000000 
8050.243742 384.000000 
8053.614263 361.000000 
8056.984743 374.000000 
8060.355182 337.000000 
8063.725580 361.000000 
8067.095938 358.000000 
8070.466254 350.000000 
8073.836529 321.000000 
8077.206763 368.000000 
8080.576957 396.000000 
8083.947109 366.000000 
8087.317220 360.000000 
8090.687290 360.000000 
8094.057320 327.000000 
8097.427308 369.000000 
8100.797255 371.000000 
8104.167162 324.000000 
8107.537027 344.000000 
