6756.305698 277.000000 
6759.692030 297.000000 
6763.078319 287.000000 
6766.464567 301.000000 
6769.850774 281.000000 
6773.236939 304.000000 
6776.623062 291.000000 
6780.009144 298.000000 
6783.395184 281.000000 
6786.781183 264.000000 
6790.167140 282.000000 
6793.553056 275.000000 
6796.938930 293.000000 
6800.324762 264.000000 
6803.710553 260.000000 
6807.096303 266.000000 
6810.482010 279.000000 
6813.867677 274.000000 
6817.253302 273.000000 
6820.638885 288.000000 
6824.024427 295.000000 
6827.409927 320.000000 
6830.795385 259.000000 
6834.180802 324.000000 
6837.566178 278.000000 
6840.951512 283.000000 
6844.336804 267.000000 
6847.722055 266.000000 
6851.107265 333.000000 
6854.492432 284.000000 
6857.877559 285.000000 
6861.262643 301.000000 
6864.647687 308.000000 
6868.032688 319.000000 
6871.417649 315.000000 
6874.802567 261.000000 
6878.187445 323.000000 
6881.572280 276.000000 
6884.957075 278.000000 
6888.341827 278.000000 
6891.726538 299.000000 
6895.111208 293.000000 
6898.495836 303.000000 
6901.880423 270.000000 
6905.264968 283.000000 
6908.649471 290.000000 
6912.033934 299.000000 
6915.418354 283.000000 
6918.802733 260.000000 
6922.187071 268.000000 
6925.571367 279.000000 
6928.955621 278.000000 
6932.339835 310.000000 
6935.724006 273.000000 
6939.108136 322.000000 
6942.492225 294.000000 
6945.876272 277.000000 
6949.260278 287.000000 
6952.644242 265.000000 
6956.028165 321.000000 
6959.412046 324.000000 
6962.795886 282.000000 
6966.179684 278.000000 
6969.563441 281.000000 
6972.947156 297.000000 
6976.330830 279.000000 
6979.714462 286.000000 
6983.098053 353.000000 
6986.481603 291.000000 
6989.865111 287.000000 
6993.248577 298.000000 
6996.632002 300.000000 
7000.015386 281.000000 
7003.398728 307.000000 
7006.782028 292.000000 
7010.165288 281.000000 
7013.548505 270.000000 
7016.931682 291.000000 
7020.314816 285.000000 
7023.697910 278.000000 
7027.080962 280.000000 
7030.463972 284.000000 
7033.846941 291.000000 
7037.229869 293.000000 
7040.612755 312.000000 
7043.995600 285.000000 
7047.378403 283.000000 
7050.761165 287.000000 
7054.143885 306.000000 
7057.526564 293.000000 
7060.909202 299.000000 
7064.291798 309.000000 
7067.674352 321.000000 
7071.056865 357.000000 
7074.439337 395.000000 
7077.821768 480.000000 
7081.204156 435.000000 
7084.586504 343.000000 
7087.968810 342.000000 
7091.351075 310.000000 
7094.733298 296.000000 
7098.115480 292.000000 
7101.497620 308.000000 
7104.879719 312.000000 
7108.261777 293.000000 
7111.643793 305.000000 
7115.025767 312.000000 
7118.407701 307.000000 
7121.789593 332.000000 
7125.171443 305.000000 
7128.553252 253.000000 
7131.935020 303.000000 
7135.316746 311.000000 
7138.698431 365.000000 
7142.080075 457.000000 
7145.461677 575.000000 
7148.843237 577.000000 
7152.224757 574.000000 
7155.606235 431.000000 
7158.987671 410.000000 
7162.369066 389.000000 
7165.750420 339.000000 
7169.131733 350.000000 
7172.513004 329.000000 
7175.894233 312.000000 
7179.275421 289.000000 
7182.656568 303.000000 
7186.037674 316.000000 
7189.418738 284.000000 
7192.799760 341.000000 
7196.180742 263.000000 
7199.561682 305.000000 
7202.942580 284.000000 
7206.323437 277.000000 
7209.704253 283.000000 
7213.085028 289.000000 
7216.465761 316.000000 
7219.846453 320.000000 
7223.227103 281.000000 
7226.607712 276.000000 
7229.988280 281.000000 
7233.368806 269.000000 
7236.749291 310.000000 
7240.129735 283.000000 
7243.510137 320.000000 
7246.890498 310.000000 
7250.270817 293.000000 
7253.651095 319.000000 
7257.031332 311.000000 
7260.411528 281.000000 
7263.791682 297.000000 
7267.171795 316.000000 
7270.551866 289.000000 
7273.931896 299.000000 
7277.311885 299.000000 
7280.691832 294.000000 
7284.071739 313.000000 
7287.451603 328.000000 
7290.831427 356.000000 
7294.211209 313.000000 
7297.590950 377.000000 
7300.970649 428.000000 
7304.350307 443.000000 
7307.729924 603.000000 
7311.109500 677.000000 
7314.489034 484.000000 
7317.868527 363.000000 
7321.247978 340.000000 
7324.627388 313.000000 
7328.006757 328.000000 
7331.386085 306.000000 
7334.765371 339.000000 
7338.144616 318.000000 
7341.523820 286.000000 
7344.902982 296.000000 
7348.282103 275.000000 
7351.661183 296.000000 
7355.040221 324.000000 
7358.419218 312.000000 
7361.798174 306.000000 
7365.177089 288.000000 
7368.555962 285.000000 
7371.934794 296.000000 
7375.313585 294.000000 
7378.692334 322.000000 
7382.071042 309.000000 
7385.449709 304.000000 
7388.828334 269.000000 
7392.206918 277.000000 
7395.585461 297.000000 
7398.963963 275.000000 
7402.342423 278.000000 
7405.720842 301.000000 
7409.099220 320.000000 
7412.477556 295.000000 
7415.855852 284.000000 
7419.234106 329.000000 
7422.612318 314.000000 
7425.990490 287.000000 
7429.368620 314.000000 
7432.746709 330.000000 
7436.124756 291.000000 
7439.502763 285.000000 
7442.880728 300.000000 
7446.258652 342.000000 
7449.636534 265.000000 
7453.014375 274.000000 
7456.392175 296.000000 
7459.769934 308.000000 
7463.147652 305.000000 
7466.525328 312.000000 
7469.902963 321.000000 
7473.280557 302.000000 
7476.658109 271.000000 
7480.035621 300.000000 
7483.413091 301.000000 
7486.790519 270.000000 
7490.167907 299.000000 
7493.545253 306.000000 
7496.922558 320.000000 
7500.299822 358.000000 
7503.677045 316.000000 
7507.054226 322.000000 
7510.431366 280.000000 
7513.808465 307.000000 
7517.185523 288.000000 
7520.562539 267.000000 
7523.939514 307.000000 
7527.316448 278.000000 
7530.693341 272.000000 
7534.070192 303.000000 
7537.447003 277.000000 
7540.823772 301.000000 
7544.200500 255.000000 
7547.577186 302.000000 
7550.953832 291.000000 
7554.330436 312.000000 
7557.706999 279.000000 
7561.083521 298.000000 
7564.460001 280.000000 
7567.836441 258.000000 
7571.212839 285.000000 
7574.589196 278.000000 
7577.965512 320.000000 
7581.341786 290.000000 
7584.718019 287.000000 
7588.094212 293.000000 
7591.470362 301.000000 
7594.846472 293.000000 
7598.222541 333.000000 
7601.598568 312.000000 
7604.974554 274.000000 
7608.350499 297.000000 
7611.726403 281.000000 
7615.102266 291.000000 
7618.478087 302.000000 
7621.853867 279.000000 
7625.229606 297.000000 
7628.605304 331.000000 
7631.980961 290.000000 
7635.356577 261.000000 
7638.732151 291.000000 
7642.107684 313.000000 
7645.483176 304.000000 
7648.858627 284.000000 
7652.234037 319.000000 
7655.609405 302.000000 
7658.984732 284.000000 
7662.360019 309.000000 
7665.735264 279.000000 
7669.110467 282.000000 
7672.485630 289.000000 
7675.860752 304.000000 
7679.235832 273.000000 
7682.610871 298.000000 
7685.985869 278.000000 
7689.360826 285.000000 
7692.735742 275.000000 
7696.110616 275.000000 
7699.485450 298.000000 
7702.860242 316.000000 
7706.234993 329.000000 
7709.609703 300.000000 
7712.984372 303.000000 
7716.359000 266.000000 
7719.733586 289.000000 
7723.108132 256.000000 
7726.482636 280.000000 
7729.857099 299.000000 
7733.231521 293.000000 
7736.605902 310.000000 
7739.980242 323.000000 
7743.354540 257.000000 
7746.728798 271.000000 
7750.103014 285.000000 
7753.477190 299.000000 
7756.851324 279.000000 
7760.225417 263.000000 
7763.599469 281.000000 
7766.973479 277.000000 
7770.347449 293.000000 
7773.721377 280.000000 
7777.095265 259.000000 
7780.469111 319.000000 
7783.842916 283.000000 
7787.216680 307.000000 
7790.590403 306.000000 
7793.964085 294.000000 
7797.337726 321.000000 
7800.711326 273.000000 
7804.084884 331.000000 
7807.458402 308.000000 
7810.831878 306.000000 
7814.205313 276.000000 
7817.578708 286.000000 
7820.952061 281.000000 
7824.325373 300.000000 
7827.698643 312.000000 
7831.071873 295.000000 
7834.445062 306.000000 
7837.818210 271.000000 
7841.191316 312.000000 
7844.564381 296.000000 
7847.937406 273.000000 
7851.310389 312.000000 
7854.683331 307.000000 
7858.056232 290.000000 
7861.429092 303.000000 
7864.801911 256.000000 
7868.174689 299.000000 
7871.547426 285.000000 
7874.920122 308.000000 
7878.292777 283.000000 
7881.665390 298.000000 
7885.037963 298.000000 
7888.410494 293.000000 
7891.782985 278.000000 
7895.155434 283.000000 
7898.527842 269.000000 
7901.900209 293.000000 
7905.272536 340.000000 
7908.644821 275.000000 
7912.017065 289.000000 
7915.389268 291.000000 
7918.761430 293.000000 
7922.133551 299.000000 
7925.505630 282.000000 
7928.877669 248.000000 
7932.249667 297.000000 
7935.621624 318.000000 
7938.993539 324.000000 
7942.365414 297.000000 
7945.737248 324.000000 
7949.109040 305.000000 
7952.480792 299.000000 
7955.852502 281.000000 
7959.224172 308.000000 
7962.595800 303.000000 
7965.967388 289.000000 
7969.338934 310.000000 
7972.710439 304.000000 
7976.081904 298.000000 
7979.453327 296.000000 
7982.824709 275.000000 
7986.196050 285.000000 
7989.567351 270.000000 
7992.938610 296.000000 
7996.309828 295.000000 
7999.681005 282.000000 
8003.052141 282.000000 
8006.423236 274.000000 
8009.794291 277.000000 
8013.165304 304.000000 
8016.536276 288.000000 
8019.907207 309.000000 
8023.278097 291.000000 
8026.648946 297.000000 
8030.019754 330.000000 
8033.390521 275.000000 
8036.761247 289.000000 
8040.131933 282.000000 
8043.502577 309.000000 
8046.873180 319.000000 
8050.243742 313.000000 
8053.614263 286.000000 
8056.984743 268.000000 
8060.355182 269.000000 
8063.725580 294.000000 
8067.095938 282.000000 
8070.466254 281.000000 
8073.836529 280.000000 
8077.206763 283.000000 
8080.576957 264.000000 
8083.947109 315.000000 
8087.317220 311.000000 
8090.687290 267.000000 
8094.057320 296.000000 
8097.427308 269.000000 
8100.797255 254.000000 
8104.167162 292.000000 
8107.537027 270.000000 
