-101.649236 122.000000 
-98.176568 115.000000 
-94.703945 98.000000 
-91.231367 112.000000 
-87.758833 118.000000 
-84.286345 111.000000 
-80.813901 118.000000 
-77.341501 109.000000 
-73.869147 92.000000 
-70.396838 122.000000 
-66.924573 102.000000 
-63.452353 115.000000 
-59.980178 132.000000 
-56.508048 107.000000 
-53.035963 110.000000 
-49.563922 114.000000 
-46.091927 112.000000 
-42.619976 111.000000 
-39.148070 116.000000 
-35.676208 108.000000 
-32.204392 102.000000 
-28.732620 103.000000 
-25.260893 118.000000 
-21.789211 93.000000 
-18.317574 100.000000 
-14.845981 98.000000 
-11.374433 113.000000 
-7.902931 115.000000 
-4.431472 110.000000 
-0.960059 100.000000 
2.511310 99.000000 
5.982633 95.000000 
9.453912 98.000000 
12.925147 116.000000 
16.396336 105.000000 
19.867481 100.000000 
23.338581 114.000000 
26.809636 122.000000 
30.280646 101.000000 
33.751612 113.000000 
37.222533 114.000000 
40.693409 118.000000 
44.164240 105.000000 
47.635027 112.000000 
51.105768 106.000000 
54.576465 107.000000 
58.047118 113.000000 
61.517725 120.000000 
64.988288 124.000000 
68.458806 104.000000 
71.929279 117.000000 
75.399707 114.000000 
78.870091 130.000000 
82.340430 110.000000 
85.810725 107.000000 
89.280974 129.000000 
92.751179 93.000000 
96.221339 107.000000 
99.691454 106.000000 
103.161525 110.000000 
106.631551 114.000000 
110.101532 118.000000 
113.571468 98.000000 
117.041360 117.000000 
120.511207 109.000000 
123.981009 103.000000 
127.450766 109.000000 
130.920479 101.000000 
134.390147 118.000000 
137.859770 87.000000 
141.329349 97.000000 
144.798883 117.000000 
148.268372 101.000000 
151.737817 98.000000 
155.207216 126.000000 
158.676571 115.000000 
162.145882 102.000000 
165.615147 104.000000 
169.084368 127.000000 
172.553544 115.000000 
176.022676 107.000000 
179.491763 119.000000 
182.960805 136.000000 
186.429802 104.000000 
189.898755 118.000000 
193.367663 90.000000 
196.836527 97.000000 
200.305345 104.000000 
203.774119 112.000000 
207.242849 136.000000 
210.711533 129.000000 
214.180173 106.000000 
217.648769 131.000000 
221.117319 133.000000 
224.585825 102.000000 
228.054286 117.000000 
231.522703 105.000000 
234.991075 109.000000 
238.459402 119.000000 
241.927685 118.000000 
245.395923 112.000000 
248.864116 82.000000 
252.332265 98.000000 
255.800368 137.000000 
259.268428 104.000000 
262.736442 96.000000 
266.204412 136.000000 
269.672338 118.000000 
273.140218 106.000000 
276.608054 115.000000 
280.075846 110.000000 
283.543593 113.000000 
287.011295 117.000000 
290.478952 106.000000 
293.946565 141.000000 
297.414133 119.000000 
300.881657 144.000000 
304.349136 168.000000 
307.816570 139.000000 
311.283959 117.000000 
314.751305 114.000000 
318.218605 129.000000 
321.685861 130.000000 
325.153072 110.000000 
328.620238 125.000000 
332.087360 100.000000 
335.554437 123.000000 
339.021470 126.000000 
342.488458 106.000000 
345.955402 90.000000 
349.422300 121.000000 
352.889155 120.000000 
356.355964 110.000000 
359.822729 96.000000 
363.289450 100.000000 
366.756125 106.000000 
370.222757 153.000000 
373.689343 105.000000 
377.155885 99.000000 
380.622382 97.000000 
384.088835 86.000000 
387.555243 110.000000 
391.021607 123.000000 
394.487926 107.000000 
397.954201 96.000000 
401.420430 115.000000 
404.886616 116.000000 
408.352756 112.000000 
411.818852 111.000000 
415.284904 117.000000 
418.750911 131.000000 
422.216873 96.000000 
425.682791 129.000000 
429.148664 118.000000 
432.614493 117.000000 
436.080277 108.000000 
439.546016 94.000000 
443.011711 104.000000 
446.477362 112.000000 
449.942967 136.000000 
453.408529 138.000000 
456.874045 225.000000 
460.339517 226.000000 
463.804945 246.000000 
467.270328 206.000000 
470.735667 164.000000 
474.200961 163.000000 
477.666210 130.000000 
481.131415 127.000000 
484.596575 114.000000 
488.061691 125.000000 
491.526762 139.000000 
494.991789 126.000000 
498.456771 102.000000 
501.921708 140.000000 
505.386601 133.000000 
508.851450 130.000000 
512.316254 117.000000 
515.781013 97.000000 
519.245728 115.000000 
522.710399 114.000000 
526.175024 118.000000 
529.639606 108.000000 
533.104143 134.000000 
536.568635 122.000000 
540.033083 115.000000 
543.497486 117.000000 
546.961845 115.000000 
550.426159 93.000000 
553.890429 128.000000 
557.354654 101.000000 
560.818835 113.000000 
564.282971 107.000000 
567.747063 117.000000 
571.211110 106.000000 
574.675113 108.000000 
578.139071 111.000000 
581.602985 103.000000 
585.066854 116.000000 
588.530678 118.000000 
591.994459 115.000000 
595.458195 113.000000 
598.921886 126.000000 
602.385533 103.000000 
605.849135 107.000000 
609.312693 108.000000 
612.776206 127.000000 
616.239675 101.000000 
619.703099 121.000000 
623.166479 125.000000 
626.629814 106.000000 
630.093105 101.000000 
633.556352 112.000000 
637.019554 109.000000 
640.482711 108.000000 
643.945824 105.000000 
647.408893 116.000000 
650.871917 102.000000 
654.334897 126.000000 
657.797832 118.000000 
661.260723 130.000000 
664.723569 102.000000 
668.186371 113.000000 
671.649128 113.000000 
675.111841 121.000000 
678.574510 124.000000 
682.037134 113.000000 
685.499714 105.000000 
688.962249 100.000000 
692.424739 108.000000 
695.887186 113.000000 
699.349588 133.000000 
702.811945 115.000000 
706.274258 111.000000 
709.736526 137.000000 
713.198751 166.000000 
716.660930 226.000000 
720.123065 211.000000 
723.585156 314.000000 
727.047203 432.000000 
730.509205 342.000000 
733.971162 317.000000 
737.433075 223.000000 
740.894944 200.000000 
744.356768 159.000000 
747.818548 124.000000 
751.280284 117.000000 
754.741975 131.000000 
758.203621 117.000000 
761.665224 118.000000 
765.126781 122.000000 
768.588295 116.000000 
772.049764 109.000000 
775.511189 118.000000 
778.972569 116.000000 
782.433905 98.000000 
785.895196 99.000000 
789.356443 96.000000 
792.817646 113.000000 
796.278804 129.000000 
799.739918 118.000000 
803.200987 132.000000 
806.662012 108.000000 
810.122993 105.000000 
813.583929 113.000000 
817.044821 122.000000 
820.505669 113.000000 
823.966472 126.000000 
827.427231 128.000000 
830.887945 106.000000 
834.348615 106.000000 
837.809241 107.000000 
841.269822 113.000000 
844.730359 116.000000 
848.190852 128.000000 
851.651300 98.000000 
855.111704 106.000000 
858.572064 99.000000 
862.032379 124.000000 
865.492650 110.000000 
868.952876 126.000000 
872.413058 124.000000 
875.873196 117.000000 
879.333289 111.000000 
882.793338 104.000000 
886.253343 118.000000 
889.713303 123.000000 
893.173219 117.000000 
896.633091 117.000000 
900.092918 127.000000 
903.552701 103.000000 
907.012440 128.000000 
910.472134 115.000000 
913.931784 109.000000 
917.391390 105.000000 
920.850951 110.000000 
924.310468 115.000000 
927.769941 106.000000 
931.229369 118.000000 
934.688753 109.000000 
938.148093 132.000000 
941.607388 117.000000 
945.066639 111.000000 
948.525846 109.000000 
951.985009 131.000000 
955.444127 107.000000 
958.903201 112.000000 
962.362230 123.000000 
965.821215 109.000000 
969.280156 119.000000 
972.739053 127.000000 
976.197905 132.000000 
979.656713 109.000000 
983.115477 134.000000 
986.574196 118.000000 
990.032871 114.000000 
993.491502 111.000000 
996.950089 118.000000 
1000.408631 121.000000 
1003.867129 123.000000 
1007.325582 101.000000 
1010.783992 102.000000 
1014.242357 110.000000 
1017.700678 134.000000 
1021.158954 114.000000 
1024.617186 119.000000 
1028.075374 106.000000 
1031.533518 126.000000 
1034.991617 114.000000 
1038.449672 96.000000 
1041.907683 118.000000 
1045.365650 109.000000 
1048.823572 134.000000 
1052.281450 115.000000 
1055.739284 96.000000 
1059.197074 118.000000 
1062.654819 104.000000 
1066.112520 88.000000 
1069.570177 102.000000 
1073.027789 136.000000 
1076.485358 105.000000 
1079.942882 95.000000 
1083.400361 118.000000 
1086.857797 121.000000 
1090.315188 138.000000 
1093.772535 92.000000 
1097.229838 111.000000 
1100.687097 102.000000 
1104.144311 102.000000 
1107.601481 118.000000 
1111.058607 116.000000 
1114.515688 116.000000 
1117.972726 99.000000 
1121.429719 103.000000 
1124.886668 101.000000 
1128.343572 117.000000 
1131.800433 112.000000 
1135.257249 112.000000 
1138.714021 127.000000 
1142.170749 119.000000 
1145.627433 122.000000 
1149.084072 123.000000 
1152.540667 124.000000 
1155.997218 100.000000 
1159.453725 113.000000 
1162.910187 99.000000 
1166.366605 112.000000 
1169.822979 114.000000 
1173.279309 101.000000 
1176.735595 105.000000 
1180.191837 108.000000 
1183.648034 127.000000 
1187.104187 115.000000 
1190.560296 108.000000 
1194.016360 111.000000 
1197.472381 110.000000 
1200.928357 124.000000 
1204.384289 103.000000 
1207.840177 92.000000 
1211.296021 105.000000 
1214.751821 100.000000 
1218.207576 131.000000 
1221.663287 112.000000 
1225.118954 108.000000 
1228.574577 125.000000 
1232.030156 112.000000 
1235.485690 109.000000 
1238.941180 106.000000 
1242.396626 94.000000 
1245.852029 113.000000 
1249.307386 128.000000 
1252.762700 116.000000 
1256.217969 105.000000 
1259.673195 102.000000 
1263.128376 107.000000 
1266.583513 113.000000 
1270.038606 92.000000 
1273.493654 110.000000 
1276.948659 107.000000 
1280.403619 94.000000 
1283.858535 123.000000 
