6756.305698 86.000000 
6759.692030 59.000000 
6763.078319 74.000000 
6766.464567 84.000000 
6769.850774 78.000000 
6773.236939 80.000000 
6776.623062 86.000000 
6780.009144 72.000000 
6783.395184 73.000000 
6786.781183 59.000000 
6790.167140 81.000000 
6793.553056 76.000000 
6796.938930 82.000000 
6800.324762 75.000000 
6803.710553 69.000000 
6807.096303 89.000000 
6810.482010 68.000000 
6813.867677 66.000000 
6817.253302 68.000000 
6820.638885 69.000000 
6824.024427 55.000000 
6827.409927 56.000000 
6830.795385 64.000000 
6834.180802 89.000000 
6837.566178 80.000000 
6840.951512 70.000000 
6844.336804 81.000000 
6847.722055 88.000000 
6851.107265 96.000000 
6854.492432 82.000000 
6857.877559 71.000000 
6861.262643 63.000000 
6864.647687 74.000000 
6868.032688 67.000000 
6871.417649 74.000000 
6874.802567 68.000000 
6878.187445 72.000000 
6881.572280 73.000000 
6884.957075 71.000000 
6888.341827 60.000000 
6891.726538 86.000000 
6895.111208 64.000000 
6898.495836 86.000000 
6901.880423 83.000000 
6905.264968 76.000000 
6908.649471 68.000000 
6912.033934 86.000000 
6915.418354 73.000000 
6918.802733 77.000000 
6922.187071 70.000000 
6925.571367 64.000000 
6928.955621 85.000000 
6932.339835 70.000000 
6935.724006 61.000000 
6939.108136 87.000000 
6942.492225 70.000000 
6945.876272 93.000000 
6949.260278 61.000000 
6952.644242 89.000000 
6956.028165 70.000000 
6959.412046 89.000000 
6962.795886 66.000000 
6966.179684 90.000000 
6969.563441 80.000000 
6972.947156 72.000000 
6976.330830 52.000000 
6979.714462 74.000000 
6983.098053 80.000000 
6986.481603 71.000000 
6989.865111 76.000000 
6993.248577 67.000000 
6996.632002 68.000000 
7000.015386 66.000000 
7003.398728 81.000000 
7006.782028 64.000000 
7010.165288 73.000000 
7013.548505 80.000000 
7016.931682 85.000000 
7020.314816 58.000000 
7023.697910 77.000000 
7027.080962 74.000000 
7030.463972 87.000000 
7033.846941 72.000000 
7037.229869 72.000000 
7040.612755 67.000000 
7043.995600 81.000000 
7047.378403 72.000000 
7050.761165 74.000000 
7054.143885 73.000000 
7057.526564 73.000000 
7060.909202 72.000000 
7064.291798 76.000000 
7067.674352 75.000000 
7071.056865 87.000000 
7074.439337 71.000000 
7077.821768 82.000000 
7081.204156 71.000000 
7084.586504 63.000000 
7087.968810 71.000000 
7091.351075 64.000000 
7094.733298 68.000000 
7098.115480 67.000000 
7101.497620 71.000000 
7104.879719 76.000000 
7108.261777 64.000000 
7111.643793 79.000000 
7115.025767 85.000000 
7118.407701 73.000000 
7121.789593 70.000000 
7125.171443 81.000000 
7128.553252 71.000000 
7131.935020 77.000000 
7135.316746 86.000000 
7138.698431 79.000000 
7142.080075 91.000000 
7145.461677 72.000000 
7148.843237 61.000000 
7152.224757 87.000000 
7155.606235 87.000000 
7158.987671 55.000000 
7162.369066 74.000000 
7165.750420 73.000000 
7169.131733 81.000000 
7172.513004 71.000000 
7175.894233 85.000000 
7179.275421 68.000000 
7182.656568 61.000000 
7186.037674 68.000000 
7189.418738 84.000000 
7192.799760 71.000000 
7196.180742 78.000000 
7199.561682 86.000000 
7202.942580 72.000000 
7206.323437 73.000000 
7209.704253 63.000000 
7213.085028 64.000000 
7216.465761 76.000000 
7219.846453 84.000000 
7223.227103 75.000000 
7226.607712 78.000000 
7229.988280 60.000000 
7233.368806 73.000000 
7236.749291 67.000000 
7240.129735 96.000000 
7243.510137 83.000000 
7246.890498 62.000000 
7250.270817 67.000000 
7253.651095 80.000000 
7257.031332 63.000000 
7260.411528 86.000000 
7263.791682 76.000000 
7267.171795 80.000000 
7270.551866 82.000000 
7273.931896 76.000000 
7277.311885 66.000000 
7280.691832 73.000000 
7284.071739 70.000000 
7287.451603 72.000000 
7290.831427 71.000000 
7294.211209 70.000000 
7297.590950 85.000000 
7300.970649 64.000000 
7304.350307 89.000000 
7307.729924 90.000000 
7311.109500 87.000000 
7314.489034 103.000000 
7317.868527 70.000000 
7321.247978 84.000000 
7324.627388 78.000000 
7328.006757 64.000000 
7331.386085 87.000000 
7334.765371 87.000000 
7338.144616 84.000000 
7341.523820 78.000000 
7344.902982 65.000000 
7348.282103 76.000000 
7351.661183 78.000000 
7355.040221 78.000000 
7358.419218 76.000000 
7361.798174 72.000000 
7365.177089 74.000000 
7368.555962 70.000000 
7371.934794 88.000000 
7375.313585 79.000000 
7378.692334 69.000000 
7382.071042 89.000000 
7385.449709 66.000000 
7388.828334 79.000000 
7392.206918 67.000000 
7395.585461 64.000000 
7398.963963 71.000000 
7402.342423 55.000000 
7405.720842 65.000000 
7409.099220 78.000000 
7412.477556 72.000000 
7415.855852 76.000000 
7419.234106 75.000000 
7422.612318 78.000000 
7425.990490 77.000000 
7429.368620 83.000000 
7432.746709 80.000000 
7436.124756 90.000000 
7439.502763 70.000000 
7442.880728 67.000000 
7446.258652 70.000000 
7449.636534 59.000000 
7453.014375 69.000000 
7456.392175 66.000000 
7459.769934 69.000000 
7463.147652 74.000000 
7466.525328 64.000000 
7469.902963 75.000000 
7473.280557 86.000000 
7476.658109 52.000000 
7480.035621 60.000000 
7483.413091 64.000000 
7486.790519 79.000000 
7490.167907 73.000000 
7493.545253 60.000000 
7496.922558 62.000000 
7500.299822 68.000000 
7503.677045 75.000000 
7507.054226 55.000000 
7510.431366 74.000000 
7513.808465 58.000000 
7517.185523 69.000000 
7520.562539 71.000000 
7523.939514 64.000000 
7527.316448 84.000000 
7530.693341 92.000000 
7534.070192 60.000000 
7537.447003 80.000000 
7540.823772 75.000000 
7544.200500 81.000000 
7547.577186 72.000000 
7550.953832 75.000000 
7554.330436 61.000000 
7557.706999 76.000000 
7561.083521 74.000000 
7564.460001 71.000000 
7567.836441 68.000000 
7571.212839 77.000000 
7574.589196 64.000000 
7577.965512 60.000000 
7581.341786 79.000000 
7584.718019 72.000000 
7588.094212 65.000000 
7591.470362 80.000000 
7594.846472 75.000000 
7598.222541 77.000000 
7601.598568 69.000000 
7604.974554 79.000000 
7608.350499 73.000000 
7611.726403 86.000000 
7615.102266 70.000000 
7618.478087 80.000000 
7621.853867 60.000000 
7625.229606 69.000000 
7628.605304 73.000000 
7631.980961 65.000000 
7635.356577 65.000000 
7638.732151 76.000000 
7642.107684 82.000000 
7645.483176 51.000000 
7648.858627 64.000000 
7652.234037 56.000000 
7655.609405 52.000000 
7658.984732 76.000000 
7662.360019 70.000000 
7665.735264 80.000000 
7669.110467 65.000000 
7672.485630 65.000000 
7675.860752 72.000000 
7679.235832 59.000000 
7682.610871 76.000000 
7685.985869 81.000000 
7689.360826 69.000000 
7692.735742 59.000000 
7696.110616 68.000000 
7699.485450 78.000000 
7702.860242 78.000000 
7706.234993 75.000000 
7709.609703 90.000000 
7712.984372 61.000000 
7716.359000 55.000000 
7719.733586 66.000000 
7723.108132 80.000000 
7726.482636 70.000000 
7729.857099 69.000000 
7733.231521 69.000000 
7736.605902 78.000000 
7739.980242 79.000000 
7743.354540 60.000000 
7746.728798 73.000000 
7750.103014 88.000000 
7753.477190 62.000000 
7756.851324 85.000000 
7760.225417 73.000000 
7763.599469 79.000000 
7766.973479 73.000000 
7770.347449 62.000000 
7773.721377 72.000000 
7777.095265 71.000000 
7780.469111 54.000000 
7783.842916 82.000000 
7787.216680 75.000000 
7790.590403 78.000000 
7793.964085 80.000000 
7797.337726 75.000000 
7800.711326 77.000000 
7804.084884 93.000000 
7807.458402 69.000000 
7810.831878 70.000000 
7814.205313 74.000000 
7817.578708 62.000000 
7820.952061 61.000000 
7824.325373 75.000000 
7827.698643 76.000000 
7831.071873 59.000000 
7834.445062 74.000000 
7837.818210 73.000000 
7841.191316 64.000000 
7844.564381 71.000000 
7847.937406 75.000000 
7851.310389 96.000000 
7854.683331 49.000000 
7858.056232 76.000000 
7861.429092 70.000000 
7864.801911 73.000000 
7868.174689 75.000000 
7871.547426 71.000000 
7874.920122 75.000000 
7878.292777 70.000000 
7881.665390 75.000000 
7885.037963 58.000000 
7888.410494 61.000000 
7891.782985 66.000000 
7895.155434 78.000000 
7898.527842 78.000000 
7901.900209 78.000000 
7905.272536 69.000000 
7908.644821 77.000000 
7912.017065 59.000000 
7915.389268 55.000000 
7918.761430 78.000000 
7922.133551 79.000000 
7925.505630 72.000000 
7928.877669 61.000000 
7932.249667 72.000000 
7935.621624 65.000000 
7938.993539 73.000000 
7942.365414 69.000000 
7945.737248 68.000000 
7949.109040 70.000000 
7952.480792 78.000000 
7955.852502 84.000000 
7959.224172 75.000000 
7962.595800 75.000000 
7965.967388 75.000000 
7969.338934 55.000000 
7972.710439 65.000000 
7976.081904 73.000000 
7979.453327 62.000000 
7982.824709 68.000000 
7986.196050 68.000000 
7989.567351 75.000000 
7992.938610 75.000000 
7996.309828 71.000000 
7999.681005 77.000000 
8003.052141 65.000000 
8006.423236 68.000000 
8009.794291 59.000000 
8013.165304 83.000000 
8016.536276 63.000000 
8019.907207 76.000000 
8023.278097 80.000000 
8026.648946 86.000000 
8030.019754 73.000000 
8033.390521 71.000000 
8036.761247 75.000000 
8040.131933 49.000000 
8043.502577 72.000000 
8046.873180 57.000000 
8050.243742 59.000000 
8053.614263 77.000000 
8056.984743 76.000000 
8060.355182 79.000000 
8063.725580 81.000000 
8067.095938 61.000000 
8070.466254 69.000000 
8073.836529 67.000000 
8077.206763 78.000000 
8080.576957 63.000000 
8083.947109 67.000000 
8087.317220 70.000000 
8090.687290 69.000000 
8094.057320 86.000000 
8097.427308 76.000000 
8100.797255 66.000000 
8104.167162 65.000000 
8107.537027 77.000000 
