6756.305698 270.000000 
6759.692030 250.000000 
6763.078319 249.000000 
6766.464567 235.000000 
6769.850774 253.000000 
6773.236939 234.000000 
6776.623062 232.000000 
6780.009144 263.000000 
6783.395184 251.000000 
6786.781183 273.000000 
6790.167140 262.000000 
6793.553056 273.000000 
6796.938930 252.000000 
6800.324762 257.000000 
6803.710553 263.000000 
6807.096303 288.000000 
6810.482010 267.000000 
6813.867677 269.000000 
6817.253302 246.000000 
6820.638885 279.000000 
6824.024427 245.000000 
6827.409927 257.000000 
6830.795385 246.000000 
6834.180802 272.000000 
6837.566178 241.000000 
6840.951512 264.000000 
6844.336804 262.000000 
6847.722055 262.000000 
6851.107265 257.000000 
6854.492432 244.000000 
6857.877559 260.000000 
6861.262643 235.000000 
6864.647687 263.000000 
6868.032688 285.000000 
6871.417649 279.000000 
6874.802567 244.000000 
6878.187445 261.000000 
6881.572280 227.000000 
6884.957075 236.000000 
6888.341827 274.000000 
6891.726538 248.000000 
6895.111208 259.000000 
6898.495836 273.000000 
6901.880423 263.000000 
6905.264968 260.000000 
6908.649471 262.000000 
6912.033934 279.000000 
6915.418354 222.000000 
6918.802733 267.000000 
6922.187071 231.000000 
6925.571367 277.000000 
6928.955621 276.000000 
6932.339835 255.000000 
6935.724006 248.000000 
6939.108136 253.000000 
6942.492225 263.000000 
6945.876272 252.000000 
6949.260278 266.000000 
6952.644242 264.000000 
6956.028165 256.000000 
6959.412046 258.000000 
6962.795886 286.000000 
6966.179684 301.000000 
6969.563441 244.000000 
6972.947156 286.000000 
6976.330830 256.000000 
6979.714462 249.000000 
6983.098053 288.000000 
6986.481603 232.000000 
6989.865111 234.000000 
6993.248577 241.000000 
6996.632002 263.000000 
7000.015386 267.000000 
7003.398728 223.000000 
7006.782028 253.000000 
7010.165288 250.000000 
7013.548505 237.000000 
7016.931682 253.000000 
7020.314816 272.000000 
7023.697910 262.000000 
7027.080962 232.000000 
7030.463972 274.000000 
7033.846941 247.000000 
7037.229869 267.000000 
7040.612755 268.000000 
7043.995600 256.000000 
7047.378403 273.000000 
7050.761165 284.000000 
7054.143885 265.000000 
7057.526564 280.000000 
7060.909202 290.000000 
7064.291798 265.000000 
7067.674352 301.000000 
7071.056865 361.000000 
7074.439337 340.000000 
7077.821768 419.000000 
7081.204156 423.000000 
7084.586504 432.000000 
7087.968810 329.000000 
7091.351075 315.000000 
7094.733298 311.000000 
7098.115480 283.000000 
7101.497620 291.000000 
7104.879719 268.000000 
7108.261777 273.000000 
7111.643793 286.000000 
7115.025767 236.000000 
7118.407701 243.000000 
7121.789593 241.000000 
7125.171443 305.000000 
7128.553252 263.000000 
7131.935020 285.000000 
7135.316746 275.000000 
7138.698431 263.000000 
7142.080075 345.000000 
7145.461677 338.000000 
7148.843237 496.000000 
7152.224757 575.000000 
7155.606235 513.000000 
7158.987671 428.000000 
7162.369066 372.000000 
7165.750420 351.000000 
7169.131733 319.000000 
7172.513004 281.000000 
7175.894233 307.000000 
7179.275421 297.000000 
7182.656568 280.000000 
7186.037674 246.000000 
7189.418738 246.000000 
7192.799760 260.000000 
7196.180742 257.000000 
7199.561682 239.000000 
7202.942580 265.000000 
7206.323437 269.000000 
7209.704253 269.000000 
7213.085028 262.000000 
7216.465761 255.000000 
7219.846453 287.000000 
7223.227103 282.000000 
7226.607712 256.000000 
7229.988280 230.000000 
7233.368806 246.000000 
7236.749291 262.000000 
7240.129735 247.000000 
7243.510137 256.000000 
7246.890498 276.000000 
7250.270817 260.000000 
7253.651095 262.000000 
7257.031332 276.000000 
7260.411528 257.000000 
7263.791682 249.000000 
7267.171795 279.000000 
7270.551866 254.000000 
7273.931896 248.000000 
7277.311885 230.000000 
7280.691832 276.000000 
7284.071739 269.000000 
7287.451603 306.000000 
7290.831427 277.000000 
7294.211209 300.000000 
7297.590950 287.000000 
7300.970649 497.000000 
7304.350307 591.000000 
7307.729924 603.000000 
7311.109500 547.000000 
7314.489034 504.000000 
7317.868527 378.000000 
7321.247978 345.000000 
7324.627388 336.000000 
7328.006757 311.000000 
7331.386085 302.000000 
7334.765371 300.000000 
7338.144616 280.000000 
7341.523820 262.000000 
7344.902982 262.000000 
7348.282103 307.000000 
7351.661183 269.000000 
7355.040221 250.000000 
7358.419218 274.000000 
7361.798174 257.000000 
7365.177089 293.000000 
7368.555962 280.000000 
7371.934794 255.000000 
7375.313585 248.000000 
7378.692334 256.000000 
7382.071042 267.000000 
7385.449709 285.000000 
7388.828334 243.000000 
7392.206918 242.000000 
7395.585461 252.000000 
7398.963963 241.000000 
7402.342423 266.000000 
7405.720842 279.000000 
7409.099220 244.000000 
7412.477556 257.000000 
7415.855852 267.000000 
7419.234106 247.000000 
7422.612318 250.000000 
7425.990490 245.000000 
7429.368620 233.000000 
7432.746709 225.000000 
7436.124756 270.000000 
7439.502763 276.000000 
7442.880728 280.000000 
7446.258652 252.000000 
7449.636534 225.000000 
7453.014375 238.000000 
7456.392175 267.000000 
7459.769934 230.000000 
7463.147652 262.000000 
7466.525328 231.000000 
7469.902963 231.000000 
7473.280557 249.000000 
7476.658109 273.000000 
7480.035621 244.000000 
7483.413091 234.000000 
7486.790519 244.000000 
7490.167907 263.000000 
7493.545253 250.000000 
7496.922558 231.000000 
7500.299822 249.000000 
7503.677045 262.000000 
7507.054226 254.000000 
7510.431366 267.000000 
7513.808465 240.000000 
7517.185523 234.000000 
7520.562539 239.000000 
7523.939514 245.000000 
7527.316448 231.000000 
7530.693341 243.000000 
7534.070192 262.000000 
7537.447003 228.000000 
7540.823772 274.000000 
7544.200500 252.000000 
7547.577186 257.000000 
7550.953832 256.000000 
7554.330436 272.000000 
7557.706999 235.000000 
7561.083521 241.000000 
7564.460001 255.000000 
7567.836441 262.000000 
7571.212839 253.000000 
7574.589196 237.000000 
7577.965512 251.000000 
7581.341786 264.000000 
7584.718019 235.000000 
7588.094212 246.000000 
7591.470362 252.000000 
7594.846472 235.000000 
7598.222541 269.000000 
7601.598568 279.000000 
7604.974554 284.000000 
7608.350499 277.000000 
7611.726403 243.000000 
7615.102266 276.000000 
7618.478087 251.000000 
7621.853867 263.000000 
7625.229606 236.000000 
7628.605304 241.000000 
7631.980961 250.000000 
7635.356577 263.000000 
7638.732151 248.000000 
7642.107684 273.000000 
7645.483176 248.000000 
7648.858627 271.000000 
7652.234037 269.000000 
7655.609405 225.000000 
7658.984732 238.000000 
7662.360019 254.000000 
7665.735264 285.000000 
7669.110467 245.000000 
7672.485630 242.000000 
7675.860752 233.000000 
7679.235832 253.000000 
7682.610871 274.000000 
7685.985869 220.000000 
7689.360826 234.000000 
7692.735742 278.000000 
7696.110616 225.000000 
7699.485450 242.000000 
7702.860242 243.000000 
7706.234993 271.000000 
7709.609703 262.000000 
7712.984372 240.000000 
7716.359000 230.000000 
7719.733586 266.000000 
7723.108132 242.000000 
7726.482636 245.000000 
7729.857099 258.000000 
7733.231521 246.000000 
7736.605902 279.000000 
7739.980242 243.000000 
7743.354540 288.000000 
7746.728798 261.000000 
7750.103014 238.000000 
7753.477190 238.000000 
7756.851324 269.000000 
7760.225417 242.000000 
7763.599469 254.000000 
7766.973479 248.000000 
7770.347449 260.000000 
7773.721377 277.000000 
7777.095265 256.000000 
7780.469111 245.000000 
7783.842916 264.000000 
7787.216680 308.000000 
7790.590403 253.000000 
7793.964085 234.000000 
7797.337726 239.000000 
7800.711326 231.000000 
7804.084884 242.000000 
7807.458402 250.000000 
7810.831878 259.000000 
7814.205313 265.000000 
7817.578708 232.000000 
7820.952061 269.000000 
7824.325373 248.000000 
7827.698643 256.000000 
7831.071873 240.000000 
7834.445062 226.000000 
7837.818210 222.000000 
7841.191316 266.000000 
7844.564381 263.000000 
7847.937406 244.000000 
7851.310389 234.000000 
7854.683331 236.000000 
7858.056232 246.000000 
7861.429092 254.000000 
7864.801911 248.000000 
7868.174689 252.000000 
7871.547426 230.000000 
7874.920122 273.000000 
7878.292777 248.000000 
7881.665390 258.000000 
7885.037963 243.000000 
7888.410494 236.000000 
7891.782985 271.000000 
7895.155434 254.000000 
7898.527842 245.000000 
7901.900209 224.000000 
7905.272536 263.000000 
7908.644821 253.000000 
7912.017065 249.000000 
7915.389268 239.000000 
7918.761430 249.000000 
7922.133551 219.000000 
7925.505630 228.000000 
7928.877669 259.000000 
7932.249667 250.000000 
7935.621624 251.000000 
7938.993539 256.000000 
7942.365414 236.000000 
7945.737248 255.000000 
7949.109040 216.000000 
7952.480792 243.000000 
7955.852502 232.000000 
7959.224172 255.000000 
7962.595800 251.000000 
7965.967388 245.000000 
7969.338934 243.000000 
7972.710439 283.000000 
7976.081904 244.000000 
7979.453327 230.000000 
7982.824709 243.000000 
7986.196050 247.000000 
7989.567351 261.000000 
7992.938610 248.000000 
7996.309828 234.000000 
7999.681005 246.000000 
8003.052141 232.000000 
8006.423236 253.000000 
8009.794291 265.000000 
8013.165304 227.000000 
8016.536276 226.000000 
8019.907207 260.000000 
8023.278097 242.000000 
8026.648946 247.000000 
8030.019754 270.000000 
8033.390521 292.000000 
8036.761247 267.000000 
8040.131933 256.000000 
8043.502577 259.000000 
8046.873180 271.000000 
8050.243742 257.000000 
8053.614263 268.000000 
8056.984743 248.000000 
8060.355182 263.000000 
8063.725580 231.000000 
8067.095938 246.000000 
8070.466254 221.000000 
8073.836529 242.000000 
8077.206763 253.000000 
8080.576957 232.000000 
8083.947109 264.000000 
8087.317220 224.000000 
8090.687290 267.000000 
8094.057320 243.000000 
8097.427308 246.000000 
8100.797255 253.000000 
8104.167162 241.000000 
8107.537027 263.000000 
