-101.649236 172.000000 
-98.176568 170.000000 
-94.703945 168.000000 
-91.231367 158.000000 
-87.758833 167.000000 
-84.286345 165.000000 
-80.813901 164.000000 
-77.341501 154.000000 
-73.869147 167.000000 
-70.396838 161.000000 
-66.924573 154.000000 
-63.452353 159.000000 
-59.980178 147.000000 
-56.508048 149.000000 
-53.035963 159.000000 
-49.563922 146.000000 
-46.091927 169.000000 
-42.619976 165.000000 
-39.148070 167.000000 
-35.676208 168.000000 
-32.204392 170.000000 
-28.732620 165.000000 
-25.260893 187.000000 
-21.789211 145.000000 
-18.317574 176.000000 
-14.845981 170.000000 
-11.374433 185.000000 
-7.902931 165.000000 
-4.431472 182.000000 
-0.960059 152.000000 
2.511310 167.000000 
5.982633 161.000000 
9.453912 182.000000 
12.925147 167.000000 
16.396336 183.000000 
19.867481 181.000000 
23.338581 149.000000 
26.809636 165.000000 
30.280646 173.000000 
33.751612 176.000000 
37.222533 158.000000 
40.693409 165.000000 
44.164240 195.000000 
47.635027 168.000000 
51.105768 158.000000 
54.576465 185.000000 
58.047118 177.000000 
61.517725 200.000000 
64.988288 175.000000 
68.458806 192.000000 
71.929279 176.000000 
75.399707 158.000000 
78.870091 178.000000 
82.340430 168.000000 
85.810725 169.000000 
89.280974 169.000000 
92.751179 160.000000 
96.221339 149.000000 
99.691454 150.000000 
103.161525 166.000000 
106.631551 163.000000 
110.101532 187.000000 
113.571468 147.000000 
117.041360 171.000000 
120.511207 181.000000 
123.981009 175.000000 
127.450766 162.000000 
130.920479 175.000000 
134.390147 180.000000 
137.859770 169.000000 
141.329349 167.000000 
144.798883 180.000000 
148.268372 178.000000 
151.737817 190.000000 
155.207216 157.000000 
158.676571 161.000000 
162.145882 164.000000 
165.615147 156.000000 
169.084368 172.000000 
172.553544 187.000000 
176.022676 182.000000 
179.491763 164.000000 
182.960805 173.000000 
186.429802 189.000000 
189.898755 180.000000 
193.367663 165.000000 
196.836527 160.000000 
200.305345 165.000000 
203.774119 164.000000 
207.242849 180.000000 
210.711533 159.000000 
214.180173 160.000000 
217.648769 168.000000 
221.117319 164.000000 
224.585825 177.000000 
228.054286 178.000000 
231.522703 162.000000 
234.991075 147.000000 
238.459402 148.000000 
241.927685 167.000000 
245.395923 171.000000 
248.864116 169.000000 
252.332265 192.000000 
255.800368 176.000000 
259.268428 153.000000 
262.736442 163.000000 
266.204412 196.000000 
269.672338 168.000000 
273.140218 176.000000 
276.608054 185.000000 
280.075846 162.000000 
283.543593 165.000000 
287.011295 163.000000 
290.478952 158.000000 
293.946565 178.000000 
297.414133 209.000000 
300.881657 189.000000 
304.349136 204.000000 
307.816570 177.000000 
311.283959 180.000000 
314.751305 199.000000 
318.218605 163.000000 
321.685861 168.000000 
325.153072 164.000000 
328.620238 168.000000 
332.087360 160.000000 
335.554437 159.000000 
339.021470 174.000000 
342.488458 160.000000 
345.955402 167.000000 
349.422300 170.000000 
352.889155 158.000000 
356.355964 195.000000 
359.822729 169.000000 
363.289450 145.000000 
366.756125 174.000000 
370.222757 175.000000 
373.689343 177.000000 
377.155885 160.000000 
380.622382 148.000000 
384.088835 169.000000 
387.555243 161.000000 
391.021607 163.000000 
394.487926 180.000000 
397.954201 176.000000 
401.420430 182.000000 
404.886616 147.000000 
408.352756 168.000000 
411.818852 155.000000 
415.284904 178.000000 
418.750911 175.000000 
422.216873 166.000000 
425.682791 185.000000 
429.148664 175.000000 
432.614493 199.000000 
436.080277 161.000000 
439.546016 159.000000 
443.011711 179.000000 
446.477362 168.000000 
449.942967 212.000000 
453.408529 239.000000 
456.874045 294.000000 
460.339517 301.000000 
463.804945 226.000000 
467.270328 191.000000 
470.735667 222.000000 
474.200961 198.000000 
477.666210 163.000000 
481.131415 208.000000 
484.596575 187.000000 
488.061691 171.000000 
491.526762 184.000000 
494.991789 180.000000 
498.456771 159.000000 
501.921708 165.000000 
505.386601 176.000000 
508.851450 164.000000 
512.316254 170.000000 
515.781013 142.000000 
519.245728 149.000000 
522.710399 161.000000 
526.175024 168.000000 
529.639606 160.000000 
533.104143 173.000000 
536.568635 172.000000 
540.033083 165.000000 
543.497486 158.000000 
546.961845 180.000000 
550.426159 187.000000 
553.890429 171.000000 
557.354654 191.000000 
560.818835 179.000000 
564.282971 158.000000 
567.747063 180.000000 
571.211110 178.000000 
574.675113 184.000000 
578.139071 171.000000 
581.602985 173.000000 
585.066854 169.000000 
588.530678 175.000000 
591.994459 155.000000 
595.458195 170.000000 
598.921886 180.000000 
602.385533 162.000000 
605.849135 170.000000 
609.312693 159.000000 
612.776206 163.000000 
616.239675 153.000000 
619.703099 156.000000 
623.166479 173.000000 
626.629814 165.000000 
630.093105 178.000000 
633.556352 161.000000 
637.019554 190.000000 
640.482711 181.000000 
643.945824 154.000000 
647.408893 158.000000 
650.871917 175.000000 
654.334897 149.000000 
657.797832 161.000000 
661.260723 163.000000 
664.723569 175.000000 
668.186371 150.000000 
671.649128 165.000000 
675.111841 142.000000 
678.574510 172.000000 
682.037134 172.000000 
685.499714 186.000000 
688.962249 175.000000 
692.424739 161.000000 
695.887186 161.000000 
699.349588 192.000000 
702.811945 161.000000 
706.274258 197.000000 
709.736526 168.000000 
713.198751 185.000000 
716.660930 189.000000 
720.123065 356.000000 
723.585156 520.000000 
727.047203 455.000000 
730.509205 457.000000 
733.971162 292.000000 
737.433075 241.000000 
740.894944 220.000000 
744.356768 209.000000 
747.818548 182.000000 
751.280284 167.000000 
754.741975 198.000000 
758.203621 157.000000 
761.665224 176.000000 
765.126781 180.000000 
768.588295 170.000000 
772.049764 168.000000 
775.511189 158.000000 
778.972569 161.000000 
782.433905 162.000000 
785.895196 161.000000 
789.356443 148.000000 
792.817646 155.000000 
796.278804 148.000000 
799.739918 162.000000 
803.200987 176.000000 
806.662012 174.000000 
810.122993 167.000000 
813.583929 140.000000 
817.044821 157.000000 
820.505669 174.000000 
823.966472 172.000000 
827.427231 170.000000 
830.887945 156.000000 
834.348615 168.000000 
837.809241 163.000000 
841.269822 148.000000 
844.730359 140.000000 
848.190852 191.000000 
851.651300 175.000000 
855.111704 146.000000 
858.572064 169.000000 
862.032379 153.000000 
865.492650 162.000000 
868.952876 167.000000 
872.413058 177.000000 
875.873196 166.000000 
879.333289 164.000000 
882.793338 170.000000 
886.253343 175.000000 
889.713303 171.000000 
893.173219 155.000000 
896.633091 156.000000 
900.092918 180.000000 
903.552701 170.000000 
907.012440 157.000000 
910.472134 183.000000 
913.931784 167.000000 
917.391390 173.000000 
920.850951 173.000000 
924.310468 170.000000 
927.769941 157.000000 
931.229369 158.000000 
934.688753 157.000000 
938.148093 177.000000 
941.607388 170.000000 
945.066639 178.000000 
948.525846 132.000000 
951.985009 164.000000 
955.444127 139.000000 
958.903201 151.000000 
962.362230 160.000000 
965.821215 167.000000 
969.280156 165.000000 
972.739053 180.000000 
976.197905 178.000000 
979.656713 168.000000 
983.115477 186.000000 
986.574196 167.000000 
990.032871 171.000000 
993.491502 145.000000 
996.950089 154.000000 
1000.408631 155.000000 
1003.867129 162.000000 
1007.325582 177.000000 
1010.783992 146.000000 
1014.242357 163.000000 
1017.700678 170.000000 
1021.158954 168.000000 
1024.617186 163.000000 
1028.075374 149.000000 
1031.533518 147.000000 
1034.991617 149.000000 
1038.449672 170.000000 
1041.907683 156.000000 
1045.365650 154.000000 
1048.823572 174.000000 
1052.281450 174.000000 
1055.739284 154.000000 
1059.197074 167.000000 
1062.654819 170.000000 
1066.112520 175.000000 
1069.570177 183.000000 
1073.027789 141.000000 
1076.485358 137.000000 
1079.942882 157.000000 
1083.400361 160.000000 
1086.857797 161.000000 
1090.315188 186.000000 
1093.772535 164.000000 
1097.229838 147.000000 
1100.687097 152.000000 
1104.144311 142.000000 
1107.601481 139.000000 
1111.058607 195.000000 
1114.515688 133.000000 
1117.972726 146.000000 
1121.429719 166.000000 
1124.886668 167.000000 
1128.343572 159.000000 
1131.800433 142.000000 
1135.257249 153.000000 
1138.714021 163.000000 
1142.170749 145.000000 
1145.627433 143.000000 
1149.084072 165.000000 
1152.540667 154.000000 
1155.997218 152.000000 
1159.453725 171.000000 
1162.910187 155.000000 
1166.366605 173.000000 
1169.822979 152.000000 
1173.279309 162.000000 
1176.735595 173.000000 
1180.191837 152.000000 
1183.648034 168.000000 
1187.104187 152.000000 
1190.560296 171.000000 
1194.016360 143.000000 
1197.472381 156.000000 
1200.928357 179.000000 
1204.384289 158.000000 
1207.840177 159.000000 
1211.296021 157.000000 
1214.751821 187.000000 
1218.207576 163.000000 
1221.663287 149.000000 
1225.118954 148.000000 
1228.574577 164.000000 
1232.030156 149.000000 
1235.485690 165.000000 
1238.941180 178.000000 
1242.396626 176.000000 
1245.852029 168.000000 
1249.307386 148.000000 
1252.762700 150.000000 
1256.217969 153.000000 
1259.673195 162.000000 
1263.128376 161.000000 
1266.583513 149.000000 
1270.038606 178.000000 
1273.493654 160.000000 
1276.948659 137.000000 
1280.403619 179.000000 
1283.858535 175.000000 
