6756.305698 1005.000000 
6759.692030 1000.000000 
6763.078319 990.000000 
6766.464567 968.000000 
6769.850774 1001.000000 
6773.236939 913.000000 
6776.623062 1041.000000 
6780.009144 1002.000000 
6783.395184 936.000000 
6786.781183 957.000000 
6790.167140 979.000000 
6793.553056 969.000000 
6796.938930 1019.000000 
6800.324762 947.000000 
6803.710553 963.000000 
6807.096303 945.000000 
6810.482010 910.000000 
6813.867677 1018.000000 
6817.253302 974.000000 
6820.638885 1003.000000 
6824.024427 992.000000 
6827.409927 978.000000 
6830.795385 968.000000 
6834.180802 925.000000 
6837.566178 933.000000 
6840.951512 963.000000 
6844.336804 944.000000 
6847.722055 979.000000 
6851.107265 967.000000 
6854.492432 970.000000 
6857.877559 934.000000 
6861.262643 1001.000000 
6864.647687 937.000000 
6868.032688 1029.000000 
6871.417649 890.000000 
6874.802567 1015.000000 
6878.187445 1003.000000 
6881.572280 933.000000 
6884.957075 996.000000 
6888.341827 965.000000 
6891.726538 978.000000 
6895.111208 998.000000 
6898.495836 990.000000 
6901.880423 1013.000000 
6905.264968 977.000000 
6908.649471 957.000000 
6912.033934 1058.000000 
6915.418354 990.000000 
6918.802733 1008.000000 
6922.187071 992.000000 
6925.571367 912.000000 
6928.955621 978.000000 
6932.339835 971.000000 
6935.724006 1017.000000 
6939.108136 922.000000 
6942.492225 1014.000000 
6945.876272 976.000000 
6949.260278 966.000000 
6952.644242 936.000000 
6956.028165 949.000000 
6959.412046 967.000000 
6962.795886 1005.000000 
6966.179684 945.000000 
6969.563441 982.000000 
6972.947156 982.000000 
6976.330830 1007.000000 
6979.714462 983.000000 
6983.098053 975.000000 
6986.481603 1076.000000 
6989.865111 1000.000000 
6993.248577 963.000000 
6996.632002 933.000000 
7000.015386 965.000000 
7003.398728 926.000000 
7006.782028 935.000000 
7010.165288 1014.000000 
7013.548505 978.000000 
7016.931682 985.000000 
7020.314816 1002.000000 
7023.697910 964.000000 
7027.080962 980.000000 
7030.463972 997.000000 
7033.846941 1010.000000 
7037.229869 1051.000000 
7040.612755 973.000000 
7043.995600 1005.000000 
7047.378403 958.000000 
7050.761165 958.000000 
7054.143885 1040.000000 
7057.526564 1028.000000 
7060.909202 999.000000 
7064.291798 1021.000000 
7067.674352 1078.000000 
7071.056865 1078.000000 
7074.439337 1114.000000 
7077.821768 1424.000000 
7081.204156 1343.000000 
7084.586504 1289.000000 
7087.968810 1141.000000 
7091.351075 1145.000000 
7094.733298 999.000000 
7098.115480 1061.000000 
7101.497620 1060.000000 
7104.879719 1044.000000 
7108.261777 1005.000000 
7111.643793 1044.000000 
7115.025767 1016.000000 
7118.407701 979.000000 
7121.789593 1015.000000 
7125.171443 997.000000 
7128.553252 1057.000000 
7131.935020 1098.000000 
7135.316746 1067.000000 
7138.698431 1094.000000 
7142.080075 1119.000000 
7145.461677 1324.000000 
7148.843237 1619.000000 
7152.224757 1730.000000 
7155.606235 1488.000000 
7158.987671 1311.000000 
7162.369066 1184.000000 
7165.750420 1193.000000 
7169.131733 1119.000000 
7172.513004 1050.000000 
7175.894233 1076.000000 
7179.275421 1041.000000 
7182.656568 1013.000000 
7186.037674 989.000000 
7189.418738 1065.000000 
7192.799760 1028.000000 
7196.180742 992.000000 
7199.561682 1038.000000 
7202.942580 998.000000 
7206.323437 1040.000000 
7209.704253 1022.000000 
7213.085028 1043.000000 
7216.465761 954.000000 
7219.846453 1007.000000 
7223.227103 1016.000000 
7226.607712 1015.000000 
7229.988280 1005.000000 
7233.368806 994.000000 
7236.749291 999.000000 
7240.129735 991.000000 
7243.510137 1011.000000 
7246.890498 1025.000000 
7250.270817 1021.000000 
7253.651095 986.000000 
7257.031332 1020.000000 
7260.411528 1004.000000 
7263.791682 968.000000 
7267.171795 960.000000 
7270.551866 1065.000000 
7273.931896 951.000000 
7277.311885 1026.000000 
7280.691832 1051.000000 
7284.071739 1030.000000 
7287.451603 1050.000000 
7290.831427 1119.000000 
7294.211209 1064.000000 
7297.590950 1272.000000 
7300.970649 1429.000000 
7304.350307 1547.000000 
7307.729924 1563.000000 
7311.109500 1426.000000 
7314.489034 1371.000000 
7317.868527 1311.000000 
7321.247978 1190.000000 
7324.627388 1083.000000 
7328.006757 1048.000000 
7331.386085 1103.000000 
7334.765371 1037.000000 
7338.144616 1052.000000 
7341.523820 1001.000000 
7344.902982 1049.000000 
7348.282103 1052.000000 
7351.661183 1040.000000 
7355.040221 1010.000000 
7358.419218 1070.000000 
7361.798174 997.000000 
7365.177089 950.000000 
7368.555962 1034.000000 
7371.934794 928.000000 
7375.313585 988.000000 
7378.692334 1043.000000 
7382.071042 1007.000000 
7385.449709 992.000000 
7388.828334 983.000000 
7392.206918 1005.000000 
7395.585461 985.000000 
7398.963963 993.000000 
7402.342423 1012.000000 
7405.720842 1038.000000 
7409.099220 956.000000 
7412.477556 1026.000000 
7415.855852 1032.000000 
7419.234106 999.000000 
7422.612318 973.000000 
7425.990490 1024.000000 
7429.368620 1014.000000 
7432.746709 984.000000 
7436.124756 973.000000 
7439.502763 994.000000 
7442.880728 962.000000 
7446.258652 972.000000 
7449.636534 999.000000 
7453.014375 975.000000 
7456.392175 981.000000 
7459.769934 997.000000 
7463.147652 1023.000000 
7466.525328 979.000000 
7469.902963 1029.000000 
7473.280557 982.000000 
7476.658109 1035.000000 
7480.035621 1021.000000 
7483.413091 998.000000 
7486.790519 962.000000 
7490.167907 994.000000 
7493.545253 1020.000000 
7496.922558 993.000000 
7500.299822 978.000000 
7503.677045 1080.000000 
7507.054226 1017.000000 
7510.431366 1025.000000 
7513.808465 989.000000 
7517.185523 1007.000000 
7520.562539 1061.000000 
7523.939514 953.000000 
7527.316448 997.000000 
7530.693341 964.000000 
7534.070192 1069.000000 
7537.447003 1017.000000 
7540.823772 1041.000000 
7544.200500 1009.000000 
7547.577186 1046.000000 
7550.953832 945.000000 
7554.330436 998.000000 
7557.706999 1025.000000 
7561.083521 1033.000000 
7564.460001 1006.000000 
7567.836441 1045.000000 
7571.212839 995.000000 
7574.589196 1021.000000 
7577.965512 997.000000 
7581.341786 986.000000 
7584.718019 1123.000000 
7588.094212 1066.000000 
7591.470362 1061.000000 
7594.846472 1001.000000 
7598.222541 1050.000000 
7601.598568 992.000000 
7604.974554 1051.000000 
7608.350499 981.000000 
7611.726403 1030.000000 
7615.102266 1009.000000 
7618.478087 989.000000 
7621.853867 1110.000000 
7625.229606 1032.000000 
7628.605304 1004.000000 
7631.980961 1024.000000 
7635.356577 999.000000 
7638.732151 1040.000000 
7642.107684 998.000000 
7645.483176 1040.000000 
7648.858627 1032.000000 
7652.234037 1061.000000 
7655.609405 1030.000000 
7658.984732 1073.000000 
7662.360019 1028.000000 
7665.735264 964.000000 
7669.110467 982.000000 
7672.485630 1027.000000 
7675.860752 1002.000000 
7679.235832 1041.000000 
7682.610871 999.000000 
7685.985869 995.000000 
7689.360826 995.000000 
7692.735742 967.000000 
7696.110616 1028.000000 
7699.485450 1011.000000 
7702.860242 1023.000000 
7706.234993 1049.000000 
7709.609703 1033.000000 
7712.984372 1042.000000 
7716.359000 1033.000000 
7719.733586 1010.000000 
7723.108132 1036.000000 
7726.482636 1014.000000 
7729.857099 990.000000 
7733.231521 962.000000 
7736.605902 991.000000 
7739.980242 1006.000000 
7743.354540 1050.000000 
7746.728798 1039.000000 
7750.103014 1046.000000 
7753.477190 1027.000000 
7756.851324 981.000000 
7760.225417 1043.000000 
7763.599469 1007.000000 
7766.973479 1037.000000 
7770.347449 952.000000 
7773.721377 1012.000000 
7777.095265 1049.000000 
7780.469111 1073.000000 
7783.842916 1006.000000 
7787.216680 1014.000000 
7790.590403 1085.000000 
7793.964085 1000.000000 
7797.337726 1022.000000 
7800.711326 1022.000000 
7804.084884 1040.000000 
7807.458402 1020.000000 
7810.831878 1050.000000 
7814.205313 1053.000000 
7817.578708 978.000000 
7820.952061 1008.000000 
7824.325373 987.000000 
7827.698643 1019.000000 
7831.071873 1060.000000 
7834.445062 1008.000000 
7837.818210 1008.000000 
7841.191316 1020.000000 
7844.564381 1040.000000 
7847.937406 1048.000000 
7851.310389 1018.000000 
7854.683331 1034.000000 
7858.056232 994.000000 
7861.429092 996.000000 
7864.801911 1033.000000 
7868.174689 1077.000000 
7871.547426 1048.000000 
7874.920122 1070.000000 
7878.292777 1057.000000 
7881.665390 1016.000000 
7885.037963 1029.000000 
7888.410494 1106.000000 
7891.782985 996.000000 
7895.155434 1100.000000 
7898.527842 1079.000000 
7901.900209 1071.000000 
7905.272536 1033.000000 
7908.644821 1070.000000 
7912.017065 1037.000000 
7915.389268 1090.000000 
7918.761430 1058.000000 
7922.133551 1052.000000 
7925.505630 980.000000 
7928.877669 1079.000000 
7932.249667 1051.000000 
7935.621624 1030.000000 
7938.993539 1015.000000 
7942.365414 1012.000000 
7945.737248 1009.000000 
7949.109040 986.000000 
7952.480792 1026.000000 
7955.852502 1038.000000 
7959.224172 1070.000000 
7962.595800 1005.000000 
7965.967388 1011.000000 
7969.338934 1050.000000 
7972.710439 1034.000000 
7976.081904 1046.000000 
7979.453327 1056.000000 
7982.824709 1062.000000 
7986.196050 1110.000000 
7989.567351 1040.000000 
7992.938610 976.000000 
7996.309828 1057.000000 
7999.681005 1045.000000 
8003.052141 1059.000000 
8006.423236 1076.000000 
8009.794291 1092.000000 
8013.165304 992.000000 
8016.536276 1034.000000 
8019.907207 1037.000000 
8023.278097 999.000000 
8026.648946 1076.000000 
8030.019754 1038.000000 
8033.390521 1008.000000 
8036.761247 974.000000 
8040.131933 1026.000000 
8043.502577 1046.000000 
8046.873180 974.000000 
8050.243742 1029.000000 
8053.614263 1070.000000 
8056.984743 1015.000000 
8060.355182 1014.000000 
8063.725580 1077.000000 
8067.095938 1087.000000 
8070.466254 1023.000000 
8073.836529 1082.000000 
8077.206763 1037.000000 
8080.576957 1043.000000 
8083.947109 1054.000000 
8087.317220 991.000000 
8090.687290 1067.000000 
8094.057320 1070.000000 
8097.427308 1016.000000 
8100.797255 1048.000000 
8104.167162 1061.000000 
8107.537027 1038.000000 
